Date,Open,High,Low,Close,Volume,Dividends,Stock Splits,daily_return,cum_return,middle_band,upper_band,lower_band,Conversion,Baseline,SpanA,SpanB,Lagging
2017-03-13,4.909999847412109,4.949999809265137,4.849999904632568,4.880000114440918,105200,0,0,,,,,,,,,,4.869999885559082
2017-03-14,4.849999904632568,4.900000095367432,4.710000038146973,4.869999885559082,229000,0,0,-0.002049227181827984,0.997950772818172,,,,,,,,4.960000038146973
2017-03-15,4.869999885559082,4.960000038146973,4.809999942779541,4.840000152587891,134200,0,0,-0.0061601095844271425,0.9918032866977483,,,,,,,,4.929999828338623
2017-03-16,4.869999885559082,4.96999979019165,4.820000171661377,4.96999979019165,138400,0,0,0.02685942841019351,1.018442556073801,,,,,,,,5.0
2017-03-17,4.840000152587891,5.039999961853027,4.840000152587891,5.010000228881836,341000,0,0,0.008048378345835605,1.026639367088583,,,,,,,,5.0
2017-03-20,4.980000019073486,5.019999980926514,4.829999923706055,4.860000133514404,215300,0,0,-0.02994013742807944,0.9959016433488743,,,,,,,,5.210000038146973
2017-03-21,4.889999866485596,4.889999866485596,4.53000020980835,4.590000152587891,394300,0,0,-0.055555550104742335,0.9405737797024107,,,,,,,,5.059999942779541
2017-03-22,4.53000020980835,4.730000019073486,4.409999847412109,4.519999980926514,274000,0,0,-0.015250581554318687,0.9262294825672054,,,,,,,,6.449999809265137
2017-03-23,4.570000171661377,4.860000133514404,4.480000019073486,4.849999904632568,261300,0,0,0.07300883298641314,0.9938524161670463,,,,4.724999904632568,,,,6.730000019073486
2017-03-24,4.880000114440918,4.960000038146973,4.820000171661377,4.900000095367432,223000,0,0,0.010309317880007551,1.004098356651126,,,,4.724999904632568,,,,6.71999979019165
2017-03-27,4.840000152587891,5.050000190734863,4.78000020980835,5.0,243700,0,0,0.020408143405366452,1.024590139906755,,,,4.730000019073486,,,,6.760000228881836
2017-03-28,4.960000038146973,5.059999942779541,4.940000057220459,4.980000019073486,388300,0,0,-0.003999996185302779,1.020491783255629,,,,4.734999895095825,,,,6.789999961853027
2017-03-29,4.949999809265137,5.099999904632568,4.909999847412109,4.929999828338623,212300,0,0,-0.010040198904289532,1.0102458427715495,,,,4.754999876022339,,,,6.760000228881836
2017-03-30,4.960000038146973,5.150000095367432,4.960000038146973,5.099999904632568,170200,0,0,0.03448277529681665,1.045081923162384,,,,4.7799999713897705,,,,6.789999961853027
2017-03-31,5.099999904632568,5.139999866485596,4.980000019073486,5.099999904632568,160900,0,0,0.0,1.045081923162384,,,,4.7799999713897705,,,,6.730000019073486
2017-04-03,5.079999923706055,5.130000114440918,4.889999866485596,4.920000076293945,168200,0,0,-0.03529408464794692,1.0081967133022516,,,,4.7799999713897705,,,,6.619999885559082
2017-04-04,4.909999847412109,4.960000038146973,4.820000171661377,4.880000114440918,196200,0,0,-0.008130073421291018,1.0,,,,4.815000057220459,,,,6.489999771118164
2017-04-05,4.929999828338623,4.980000019073486,4.75,4.75,238600,0,0,-0.026639367088582833,0.9733606329114172,,,,4.950000047683716,,,,6.550000190734863
2017-04-06,4.75,4.860000133514404,4.730000019073486,4.75,217900,0,0,0.0,0.9733606329114172,,,,4.940000057220459,,,,6.570000171661377
2017-04-07,4.730000019073486,4.909999847412109,4.730000019073486,4.78000020980835,164600,0,0,0.006315833643863122,0.979508216744371,,,,4.940000057220459,,,,6.460000038146973
2017-04-10,4.789999961853027,4.880000114440918,4.699999809265137,4.75,300900,0,0,-0.006276194245094513,0.9733606329114173,,,,4.924999952316284,,,,6.309999942779541
2017-04-11,4.75,5.170000076293945,4.710000038146973,5.130000114440918,261400,0,0,0.08000002409282492,1.051229506995338,,,,4.934999942779541,,,,6.159999847412109
2017-04-12,5.150000095367432,5.150000095367432,4.980000019073486,5.03000020980835,183000,0,0,-0.019493158362914875,1.0307377237397088,,,,4.934999942779541,,,,6.21999979019165
2017-04-13,4.989999771118164,5.03000020980835,4.860000133514404,4.900000095367432,311100,0,0,-0.02584495209113946,1.004098356651126,,,,4.934999942779541,,,,6.139999866485596
2017-04-17,4.909999847412109,5.119999885559082,4.789999961853027,4.96999979019165,323200,0,0,0.014285651726904769,1.0184425560738013,,,,4.934999942779541,,,,6.230000019073486
2017-04-18,4.929999828338623,5.03000020980835,4.880000114440918,4.989999771118164,142900,0,0,0.0040241412013706235,1.0225409127249272,,,,4.934999942779541,4.789999961853027,,,6.119999885559082
2017-04-19,5.039999961853027,5.090000152587891,4.860000133514404,4.869999885559082,118000,0,0,-0.024048074361372684,0.9979507728181722,,,,4.934999942779541,4.789999961853027,,,6.210000038146973
2017-04-20,4.940000057220459,4.980000019073486,4.800000190734863,4.960000038146973,111100,0,0,0.018480524579634228,1.0163934266045034,,,,4.934999942779541,4.789999961853027,,,6.119999885559082
2017-04-21,4.929999828338623,5.039999961853027,4.800000190734863,4.929999828338623,242100,0,0,-0.006048429350326678,1.0102458427715495,,,,4.934999942779541,4.789999961853027,,,6.110000133514404
2017-04-24,5.079999923706055,5.099999904632568,4.989999771118164,5.0,198000,0,0,0.014198818275611647,1.024590139906755,4.900333340962728,5.168950877417213,4.631715804508243,4.940000057220459,4.789999961853027,,,6.119999885559082
2017-04-25,5.059999942779541,5.119999885559082,4.96999979019165,5.0,290000,0,0,0.0,1.024590139906755,4.904333337148031,5.175170743785986,4.633495930510075,4.9700000286102295,4.789999961853027,,,6.170000076293945
2017-04-26,5.0,5.21999979019165,5.0,5.210000038146973,222500,0,0,0.04200000762939449,1.067622933599841,4.915666675567627,5.207322566357739,4.624010784777514,5.004999876022339,4.81499981880188,,,6.179999828338623
2017-04-27,5.210000038146973,5.210000038146973,5.019999980926514,5.059999942779541,262100,0,0,-0.028790805042063217,1.0368852098601324,4.923000001907349,5.217704272830414,4.628295730984284,5.004999876022339,4.81499981880188,,,6.150000095367432
2017-04-28,5.599999904632568,6.730000019073486,5.599999904632568,6.449999809265137,2427900,0,0,0.27470353403246195,1.3217212413947017,4.972333335876465,5.593435288512276,4.351231383240655,5.765000104904175,5.605000019073486,,,6.139999866485596
2017-05-01,6.78000020980835,6.900000095367432,6.449999809265137,6.730000019073486,879100,0,0,0.04341088652532088,1.3790983322229933,5.0296666622161865,5.9138414588218104,4.145491865610563,5.8500001430511475,5.799999952316284,,,6.119999885559082
2017-05-02,6.75,6.96999979019165,6.619999885559082,6.71999979019165,571300,0,0,-0.001485918106016948,1.3770491050411653,5.091666650772095,6.1599218593022345,4.023411442241955,5.884999990463257,5.8349997997283936,,,6.340000152587891
2017-05-03,6.650000095367432,6.849999904632568,6.650000095367432,6.760000228881836,449700,0,0,0.005952446419502655,1.385245916055947,5.16399998664856,6.37054207611421,3.957457897182909,5.884999990463257,5.8349997997283936,,,6.5
2017-05-04,6.820000171661377,6.840000152587891,6.630000114440918,6.789999961853027,286900,0,0,0.004437830170924917,1.3913934021763705,5.2396666526794435,6.554308185983944,3.9250251193749435,5.96999979019165,5.8349997997283936,,,6.460000038146973
2017-05-05,6.789999961853027,6.789999961853027,6.519999980926514,6.760000228881836,346400,0,0,-0.004418222848267095,1.3852459160559467,5.303333330154419,6.716928117460791,3.889738542848047,5.96999979019165,5.8349997997283936,,,6.630000114440918
2017-05-08,6.760000228881836,6.920000076293945,6.679999828338623,6.789999961853027,421200,0,0,0.004437830170924917,1.3913934021763703,5.3663333257039385,6.867568600022436,3.8650980513854414,5.984999895095825,5.8349997997283936,,,6.659999847412109
2017-05-09,6.769999980926514,6.820000171661377,6.599999904632568,6.730000019073486,360200,0,0,-0.008836515922920118,1.3790983322229928,5.4239999930063885,6.995321729711499,3.852678256301278,5.994999885559082,5.8349997997283936,,,6.929999828338623
2017-05-10,6.659999847412109,6.71999979019165,6.510000228881836,6.619999885559082,266100,0,0,-0.01634474490381177,1.3565573217855358,5.4786666552225745,7.0974770248047925,3.859856285640356,6.284999847412109,5.8349997997283936,,,7.190000057220459
2017-05-11,6.559999942779541,6.570000171661377,6.420000076293945,6.489999771118164,273400,0,0,-0.019637479862273266,1.329917954696953,5.530666653315226,7.1754802749679065,3.885853031662546,6.694999933242798,5.8349997997283936,,,7.300000190734863
2017-05-12,6.449999809265137,6.579999923706055,6.349999904632568,6.550000190734863,407500,0,0,0.009245057277769586,1.3422131223628606,5.578999996185303,7.255066557731944,3.902933434638661,6.659999847412109,5.8349997997283936,,,7.260000228881836
2017-05-15,6.550000190734863,6.679999828338623,6.5,6.570000171661377,269100,0,0,0.0030534321136057585,1.3463114790139865,5.628000005086263,7.3307503838389,3.925249626333626,6.634999990463257,5.8349997997283936,,,7.25
2017-05-16,6.570000171661377,6.599999904632568,6.389999866485596,6.460000038146973,181000,0,0,-0.01674279005179813,1.3237704685765295,5.679333337148031,7.386431176720574,3.972235497575488,6.634999990463257,5.8349997997283936,,,7.25
2017-05-17,6.320000171661377,6.360000133514404,6.260000228881836,6.309999942779541,363100,0,0,-0.02321982886713092,1.2930327448368208,5.726999998092651,7.422052472696734,4.031947523488569,6.590000152587891,5.8399999141693115,,,7.260000228881836
2017-05-18,6.300000190734863,6.340000152587891,6.159999847412109,6.159999847412109,309800,0,0,-0.0237718061375064,1.2622950210971122,5.773999993006388,7.43617181418319,4.111828171829586,6.539999961853027,5.879999876022339,,,7.429999828338623
2017-05-19,6.210000038146973,6.269999980926514,6.179999828338623,6.21999979019165,292600,0,0,0.00974025069249751,1.2745900910504895,5.822999986012777,7.448029162040897,4.197970809984656,6.490000009536743,5.879999876022339,,,7.610000133514404
2017-05-22,6.230000019073486,6.230000019073486,6.110000133514404,6.139999866485596,441200,0,0,-0.012861724502339578,1.258196664445986,5.868333307902018,7.45002802174177,4.286638594062267,6.414999961853027,5.879999876022339,,,7.610000133514404
2017-05-23,6.159999847412109,6.309999942779541,6.139999866485596,6.230000019073486,269000,0,0,0.014658005626212667,1.2766393182323175,5.917666641871135,7.448594007800865,4.386739275941404,6.394999980926514,5.884999990463257,,,7.739999771118164
2017-05-24,6.230000019073486,6.300000190734863,6.110000133514404,6.119999885559082,164600,0,0,-0.017656522179395284,1.2540983077948604,5.95066663424174,7.454876642439732,4.446456626043748,6.394999980926514,5.884999990463257,4.862499952316284,,7.579999923706055
2017-05-25,6.150000095367432,6.239999771118164,6.099999904632568,6.210000038146973,283100,0,0,0.014705907560596199,1.2725409615811918,5.9899999618530275,7.457352761983012,4.522647161723043,6.389999866485596,5.884999990463257,4.862499952316284,,7.679999828338623
2017-05-26,6.210000038146973,6.28000020980835,6.070000171661377,6.119999885559082,256600,0,0,-0.014492778105480664,1.2540983077948606,6.030666621526082,7.44183790768605,4.619495335366114,6.335000038146973,5.884999990463257,4.862499952316284,,7.610000133514404
2017-05-30,6.130000114440918,6.190000057220459,6.050000190734863,6.110000133514404,314100,0,0,-0.001633946443083012,1.2520491783255627,6.068666632970174,7.424199781298865,4.713133484641483,6.205000162124634,5.96999979019165,4.862499952316284,,7.650000095367432
2017-05-31,6.110000133514404,6.170000076293945,6.039999961853027,6.119999885559082,234900,0,0,0.0016366205934803535,1.2540983077948604,6.106333303451538,7.401729104604982,4.810937502298094,6.190000057220459,5.96999979019165,4.865000009536743,,7.670000076293945
2017-06-01,6.150000095367432,6.179999828338623,6.03000020980835,6.170000076293945,287800,0,0,0.008169965959124559,1.2643442482789402,6.1496666431427,7.3615425909443,4.9377906953411,6.170000076293945,5.984999895095825,4.879999995231628,,7.659999847412109
2017-06-02,6.150000095367432,6.300000190734863,6.130000114440918,6.179999828338623,295700,0,0,0.0016207053356609435,1.2663933777482381,6.1903333028157554,7.319363314751099,5.061303290880412,6.170000076293945,5.994999885559082,4.909999847412109,,7.690000057220459
2017-06-05,6.199999809265137,6.269999980926514,6.139999866485596,6.150000095367432,226100,0,0,-0.004854325858332009,1.2602458916278145,6.230999978383382,7.259558663544821,5.202441293221943,6.170000076293945,6.284999847412109,4.909999847412109,,7.699999809265137
2017-06-06,6.099999904632568,6.170000076293945,6.019999980926514,6.139999866485596,151400,0,0,-0.0016260534515062375,1.2581966644459865,6.268999973932902,7.19233799209043,5.345661955775375,6.1600000858306885,6.494999885559082,5.685000061988831,,7.650000095367432
2017-06-07,6.179999828338623,6.179999828338623,6.050000190734863,6.119999885559082,156600,0,0,-0.003257325954627577,1.2540983077948609,6.306333303451538,7.104225669546237,5.5084409373568395,6.1600000858306885,6.494999885559082,5.825000047683716,,7.599999904632568
2017-06-08,6.150000095367432,6.5,6.110000133514404,6.340000152587891,163400,0,0,0.035947756722663815,1.299180328669775,6.343999973932902,7.030966805254295,5.657033142611509,6.259999990463257,6.4700000286102295,5.859999895095825,,7.550000190734863
2017-06-09,6.400000095367432,6.579999923706055,6.349999904632568,6.5,274200,0,0,0.025236568385065494,1.3319671818787815,6.391999975840251,6.889589336781747,5.894410614898754,6.299999952316284,6.4700000286102295,5.859999895095825,,7.570000171661377
2017-06-12,6.519999980926514,6.659999847412109,6.369999885559082,6.460000038146973,153800,0,0,-0.006153840285081147,1.32377046857653,6.392333316802978,6.890089929132184,5.8945767044737725,6.3399999141693115,6.4700000286102295,5.902499794960022,,7.570000171661377
2017-06-13,6.480000019073486,6.659999847412109,6.409999847412109,6.630000114440918,493800,0,0,0.026315801128494964,1.3586065489673644,6.388999986648559,6.878996020093851,5.899003953203268,6.3399999141693115,6.4700000286102295,5.902499794960022,,7.5
2017-06-14,6.590000152587891,6.679999828338623,6.420000076293945,6.659999847412109,496900,0,0,0.00452484652388585,1.364754035087788,6.386999988555909,6.872072606566191,5.901927370545626,6.349999904632568,6.420000076293945,5.909999847412109,,7.389999866485596
2017-06-15,6.579999923706055,6.940000057220459,6.46999979019165,6.929999828338623,441200,0,0,0.04054053860548179,1.4200818987342516,6.392666641871134,6.898429287868639,5.886903995873629,6.480000019073486,6.480000019073486,5.914999842643738,,7.449999809265137
2017-06-16,6.980000019073486,7.289999961853027,6.96999979019165,7.190000057220459,517000,0,0,0.03751807147507069,1.4733606329114173,6.405999978383382,6.970262217346308,5.841737739420456,6.6549999713897705,6.6549999713897705,6.0599998235702515,,7.550000190734863
2017-06-19,7.199999809265137,7.360000133514404,7.130000114440918,7.300000190734863,308100,0,0,0.015299044873294365,1.4959016433488745,6.423999977111817,7.061477653741024,5.786522300482609,6.705000162124634,6.690000057220459,6.264999866485596,,7.519999980926514
2017-06-20,7.25,7.309999942779541,7.150000095367432,7.260000228881836,346200,0,0,-0.005479446686014522,1.487704930046623,6.439666652679444,7.132659761278498,5.746673544080389,6.735000133514404,6.690000057220459,6.2474998235702515,,7.550000190734863
2017-06-21,7.260000228881836,7.300000190734863,7.130000114440918,7.25,333400,0,0,-0.001377441951317393,1.485655702864795,6.456999985376994,7.201891677518386,5.712108293235602,6.855000019073486,6.690000057220459,6.234999895095825,,7.699999809265137
2017-06-22,7.210000038146973,7.300000190734863,7.190000057220459,7.25,118800,0,0,0.0,1.485655702864795,6.477999989191691,7.27354664646915,5.682453331914232,6.865000009536743,6.690000057220459,6.234999895095825,,7.75
2017-06-23,7.260000228881836,7.300000190734863,7.170000076293945,7.260000228881836,639300,0,0,0.0013793419147360986,1.4877049300466232,6.503666671117147,7.347032178451465,5.660301163782829,6.884999990463257,6.690000057220459,6.215000033378601,,7.730000019073486
2017-06-26,7.28000020980835,7.5,7.21999979019165,7.429999828338623,438300,0,0,0.02341592205197074,1.5225409127249274,6.5329999923706055,7.439218641581401,5.62678134315981,6.960000038146973,6.759999990463257,6.209999918937683,,7.690000057220459
2017-06-27,7.46999979019165,7.650000095367432,7.369999885559082,7.610000133514404,490800,0,0,0.02422615199656475,1.55942622029759,6.567666657765707,7.55251668490868,5.582816630622734,7.059999942779541,6.835000038146973,6.184999942779541,,7.71999979019165
2017-06-28,7.679999828338623,7.690000057220459,7.550000190734863,7.610000133514404,274200,0,0,0.0,1.55942622029759,6.605999994277954,7.6578918221312815,5.554108166424626,7.329999923706055,6.855000019073486,6.147499918937683,,7.880000114440918
2017-06-29,7.71999979019165,7.800000190734863,7.659999847412109,7.739999771118164,428600,0,0,0.017082737887380794,1.5860654896736426,6.653666655222575,7.77446533583962,5.53286797460553,7.465000152587891,6.9100000858306885,6.139999985694885,,7.960000038146973
2017-06-30,7.769999980926514,7.809999942779541,7.559999942779541,7.579999923706055,289400,0,0,-0.02067181552241759,1.553278636464636,6.70099999109904,7.853680837025435,5.548319145172644,7.4700000286102295,6.914999961853027,6.139999985694885,5.68999981880188,7.909999847412109
2017-07-03,7.599999904632568,7.739999771118164,7.460000038146973,7.679999828338623,140600,0,0,0.01319259968853359,1.5737704197202653,6.749666659037272,7.93944657067651,5.559886747398035,7.4700000286102295,6.914999961853027,6.137499928474426,5.68999981880188,7.75
2017-07-05,7.670000076293945,7.670000076293945,7.489999771118164,7.610000133514404,239000,0,0,-0.009114543800629371,1.5594262202975901,6.798666667938233,8.004836917670614,5.592496418205851,7.490000009536743,6.914999961853027,6.110000014305115,5.68999981880188,7.440000057220459
2017-07-06,7.599999904632568,7.760000228881836,7.539999961853027,7.650000095367432,441900,0,0,0.0052562366821609086,1.567622933599842,6.846000003814697,8.070383232243715,5.621616775385679,7.490000009536743,6.914999961853027,6.087499976158142,5.68999981880188,7.360000133514404
2017-07-07,7.679999828338623,7.730000019073486,7.610000133514404,7.670000076293945,195900,0,0,0.0026143765591093437,1.5717212902509676,6.897666676839193,8.125928766160776,5.669404587517609,7.514999866485596,6.914999961853027,6.079999923706055,5.68999981880188,7.550000190734863
2017-07-10,7.650000095367432,7.769999980926514,7.619999885559082,7.659999847412109,121000,0,0,-0.0013038107930068987,1.5696720630691396,6.946000003814698,8.176319410065556,5.715680597563839,7.5899999141693115,6.914999961853027,6.077499985694885,5.68999981880188,7.489999771118164
2017-07-11,7.710000038146973,7.809999942779541,7.630000114440918,7.690000057220459,367300,0,0,0.003916476554302495,1.5758196469020935,6.998333342870077,8.21724584066254,5.779420845077612,7.634999990463257,6.914999961853027,6.082499980926514,5.68999981880188,7.46999979019165
2017-07-12,7.710000038146973,7.800000190734863,7.610000133514404,7.699999809265137,255800,0,0,0.0013003578634942503,1.5778687763713914,7.051333332061768,8.24935992821331,5.853306735910225,7.634999990463257,6.914999961853027,6.227499961853027,5.68999981880188,7.510000228881836
2017-07-13,7.670000076293945,7.739999771118164,7.619999885559082,7.650000095367432,124900,0,0,-0.006493469498212501,1.567622933599842,7.102333339055379,8.267454406673295,5.937212271437463,7.634999990463257,6.930000066757202,6.327499985694885,5.724999904632568,7.679999828338623
2017-07-14,7.559999942779541,7.739999771118164,7.210000038146973,7.599999904632568,139700,0,0,-0.006535972563600612,1.5573769931157624,7.15,8.275228157204397,6.024771842795603,7.509999990463257,6.960000038146973,6.327499985694885,5.8349997997283936,7.75
2017-07-17,7.610000133514404,7.679999828338623,7.46999979019165,7.550000190734863,202800,0,0,-0.006578909805936672,1.547131150344213,7.195666678746542,8.270099395234912,6.121233962258171,7.509999990463257,7.079999923706055,6.365000009536743,5.8349997997283936,7.800000190734863
2017-07-18,7.46999979019165,7.590000152587891,7.429999828338623,7.570000171661377,173900,0,0,0.0026490040293054573,1.5512295069953388,7.243000014623006,8.252564394822343,6.23343563442367,7.509999990463257,7.0899999141693115,6.384999990463257,5.8349997997283936,7.599999904632568
2017-07-19,7.559999942779541,7.659999847412109,7.489999771118164,7.570000171661377,144900,0,0,0.0,1.5512295069953388,7.2906666914621985,8.219748235956835,6.361585146967562,7.509999990463257,7.109999895095825,6.4049999713897705,5.8349997997283936,7.760000228881836
2017-07-20,7.539999961853027,7.630000114440918,7.489999771118164,7.5,255400,0,0,-0.009247050207928043,1.5368852098601333,7.336666695276896,8.160708388409645,6.512625002144146,7.509999990463257,7.115000009536743,6.4049999713897705,5.8349997997283936,7.920000076293945
2017-07-21,7.610000133514404,7.610000133514404,7.300000190734863,7.389999866485596,365100,0,0,-0.01466668446858721,1.5143441994226763,7.371666685740153,8.108528952580134,6.634804418900172,7.509999990463257,7.139999866485596,6.384999990463257,5.8349997997283936,7.710000038146973
2017-07-24,7.409999847412109,7.570000171661377,7.409999847412109,7.449999809265137,229500,0,0,0.008119072241346892,1.5266392693760535,7.403333346048991,8.066012334254891,6.740654357843091,7.505000114440918,7.389999866485596,6.480000019073486,5.8349997997283936,7.690000057220459
2017-07-25,7.550000190734863,7.650000095367432,7.5,7.550000190734863,217900,0,0,0.013422870339588666,1.5471311503442127,7.4396666844685875,8.004348547638811,6.874984821298364,7.474999904632568,7.4700000286102295,6.6549999713897705,5.994999885559082,7.849999904632568
2017-07-26,7.389999866485596,7.590000152587891,7.389999866485596,7.519999980926514,188800,0,0,-0.003973537622577128,1.540983566511259,7.469333346684774,7.9482712515237814,6.9903954418457666,7.474999904632568,7.4700000286102295,6.697500109672546,6.0299999713897705,7.849999904632568
2017-07-27,7.519999980926514,7.679999828338623,7.480000019073486,7.550000190734863,266900,0,0,0.003989389612292671,1.5471311503442127,7.499000024795532,7.873133650067568,7.124866399523497,7.490000009536743,7.4700000286102295,6.712500095367432,6.0299999713897705,7.849999904632568
2017-07-28,7.539999961853027,7.840000152587891,7.289999961853027,7.699999809265137,382100,0,0,0.019867498641171988,1.5778687763713912,7.524666690826416,7.84061208833165,7.208721293321183,7.565000057220459,7.505000114440918,6.772500038146973,6.0299999713897705,7.710000038146973
2017-07-31,8.010000228881836,8.09000015258789,7.739999771118164,7.75,769600,0,0,0.006493531425117771,1.588114716855471,7.543333355585734,7.843876398307545,7.242790312863923,7.690000057220459,7.630000114440918,6.777500033378601,6.0299999713897705,7.690000057220459
2017-08-01,7.769999980926514,7.860000133514404,7.650000095367432,7.730000019073486,421000,0,0,-0.0025806427001953125,1.584016360204345,7.557666683197022,7.851404413779367,7.263928952614677,7.690000057220459,7.650000095367432,6.787500023841858,6.0350000858306885,7.75
2017-08-02,7.730000019073486,7.760000228881836,7.619999885559082,7.690000057220459,619100,0,0,-0.00517463929551476,1.5758196469020935,7.572000010808309,7.847767598606815,7.296232423009803,7.690000057220459,7.650000095367432,6.860000014305115,6.144999980926514,7.789999961853027
2017-08-03,7.699999809265137,7.880000114440918,7.699999809265137,7.71999979019165,427300,0,0,0.003901135597915051,1.5819671330225171,7.587666670481364,7.84112086482232,7.334212476140409,7.690000057220459,7.650000095367432,6.947499990463257,6.2200000286102295,7.760000228881836
2017-08-04,7.760000228881836,7.920000076293945,7.639999866485596,7.880000114440918,423800,0,0,0.020725431165496966,1.614754083944054,7.608666674296061,7.850954020540351,7.366379328051771,7.690000057220459,7.650000095367432,7.0924999713897705,6.240000009536743,7.840000152587891
2017-08-07,7.949999809265137,8.09000015258789,7.820000171661377,7.960000038146973,817000,0,0,0.010152274434545472,1.6311475105485571,7.632000001271566,7.870299808741487,7.393700193801644,7.690000057220459,7.650000095367432,7.1875001192092896,6.300000190734863,7.820000171661377
2017-08-08,8.0,8.050000190734863,7.860000133514404,7.909999847412109,444700,0,0,-0.0062814309667393875,1.6209015700644775,7.648000001907349,7.894174500544274,7.401825503270423,7.690000057220459,7.650000095367432,7.192499995231628,6.305000066757202,7.789999961853027
2017-08-09,7.820000171661377,7.889999866485596,7.53000020980835,7.75,400800,0,0,-0.020227541150263817,1.588114716855471,7.652666664123535,7.901066061783578,7.404267266463491,7.690000057220459,7.650000095367432,7.192499995231628,6.305000066757202,7.869999885559082
2017-08-10,7.71999979019165,7.71999979019165,7.389999866485596,7.440000057220459,273500,0,0,-0.03999999261671494,1.5245901399067558,7.646999994913737,7.906469999488078,7.387529990339397,7.740000009536743,7.650000095367432,7.202499985694885,6.305000066757202,7.940000057220459
2017-08-11,7.449999809265137,7.510000228881836,7.289999961853027,7.360000133514404,221900,0,0,-0.01075267783478251,1.5081967133022525,7.634333340326945,7.91083410762404,7.35783257302985,7.690000057220459,7.650000095367432,7.202499985694885,6.389999866485596,7.960000038146973
2017-08-14,7.46999979019165,7.579999923706055,7.409999847412109,7.550000190734863,244400,0,0,0.025815224697520955,1.5471311503442127,7.633333349227906,7.910821665936821,7.355845032518991,7.690000057220459,7.650000095367432,7.2149999141693115,6.389999866485596,7.980000019073486
2017-08-15,7.579999923706055,7.659999847412109,7.480000019073486,7.489999771118164,219200,0,0,-0.007947075245154256,1.5348359826783051,7.627000013987224,7.908555313066422,7.345444714908025,7.690000057220459,7.650000095367432,7.252499938011169,6.4049999713897705,8.09000015258789
2017-08-16,7.5,7.53000020980835,7.340000152587891,7.46999979019165,504100,0,0,-0.00267022450436305,1.5307376260271794,7.622333335876465,7.909411362676632,7.335255309076297,7.690000057220459,7.650000095367432,7.274999976158142,6.414999961853027,8.15999984741211
2017-08-17,7.460000038146973,7.590000152587891,7.409999847412109,7.510000228881836,332700,0,0,0.005354811220036115,1.5389344370419613,7.6176666736602785,7.907317219376673,7.328016127943884,7.690000057220459,7.650000095367432,7.274999976158142,6.704999923706055,8.25
2017-08-18,7.449999809265137,7.78000020980835,7.449999809265137,7.679999828338623,286300,0,0,0.022636430662545948,1.5737704197202658,7.617999998728434,7.907911866247458,7.328088131209411,7.670000076293945,7.650000095367432,7.2825000286102295,6.914999961853027,8.25
2017-08-21,7.630000114440918,7.769999980926514,7.570000171661377,7.75,194900,0,0,0.00911460588880253,1.5881147168554712,7.621000003814697,7.914406871346154,7.327593136283241,7.5899999141693115,7.690000057220459,7.235000014305115,6.914999961853027,8.3100004196167
2017-08-22,7.75,7.849999904632568,7.639999866485596,7.800000190734863,168000,0,0,0.006451637514175879,1.5983606573395508,7.624666674931844,7.924079303094043,7.325254046769645,7.569999933242798,7.690000057220459,7.294999957084656,6.914999961853027,8.34000015258789
2017-08-23,7.739999771118164,7.809999942779541,7.599999904632568,7.599999904632568,171600,0,0,-0.025641061693801315,1.5573769931157626,7.621333344777425,7.919549028842577,7.323117660712273,7.569999933242798,7.690000057220459,7.299999952316284,6.914999961853027,8.270000457763672
2017-08-24,7.659999847412109,7.78000020980835,7.639999866485596,7.760000228881836,237500,0,0,0.021052674507501035,1.5901639440372994,7.625000015894572,7.927187845540526,7.322812186248618,7.5950000286102295,7.690000057220459,7.309999942779541,6.914999961853027,8.380000114440918
2017-08-25,7.800000190734863,7.929999828338623,7.679999828338623,7.920000076293945,142200,0,0,0.020618536429497514,1.622950797246306,7.635666688283284,7.955527041827999,7.31580633473857,7.634999990463257,7.690000057220459,7.3125,6.914999961853027,8.4399995803833
2017-08-28,7.880000114440918,7.929999828338623,7.639999866485596,7.710000038146973,318300,0,0,-0.026515156076265978,1.5799180035532199,7.641000016530355,7.960307704465599,7.321692328595111,7.634999990463257,7.690000057220459,7.324999928474426,6.914999961853027,8.300000190734863
2017-08-29,7.650000095367432,7.809999942779541,7.539999961853027,7.690000057220459,231000,0,0,-0.002594031235740535,1.575819646902094,7.645000012715657,7.963659862665031,7.326340162766284,7.669999837875366,7.690000057220459,7.447499990463257,6.914999961853027,8.369999885559082
2017-08-30,7.679999828338623,7.860000133514404,7.670000076293945,7.849999904632568,184000,0,0,0.020806221875366404,1.6086065001111005,7.654333337148031,7.979940128692262,7.328726545603799,7.68999981880188,7.690000057220459,7.472499966621399,6.914999961853027,8.329999923706055
2017-08-31,7.840000152587891,7.909999847412109,7.730000019073486,7.849999904632568,317200,0,0,0.0,1.6086065001111005,7.6660000006357825,7.993712141274881,7.338287859996684,7.734999895095825,7.690000057220459,7.472499966621399,6.914999961853027,8.390000343322754
2017-09-01,7.889999866485596,8.020000457763672,7.800000190734863,7.849999904632568,317300,0,0,0.0,1.6086065001111005,7.681333335240682,7.99890977971826,7.363756890763104,7.78000020980835,7.690000057220459,7.480000019073486,6.914999961853027,8.5
2017-09-05,7.820000171661377,7.920000076293945,7.639999866485596,7.710000038146973,301600,0,0,-0.017834378112919103,1.5799180035532197,7.690000009536743,7.995902049310772,7.384097969762714,7.78000020980835,7.690000057220459,7.5350000858306885,6.930000066757202,8.270000457763672
2017-09-06,7.730000019073486,7.800000190734863,7.670000076293945,7.690000057220459,220500,0,0,-0.002594031235740535,1.5758196469020938,7.6946666717529295,7.996151541537326,7.393181801968533,7.78000020980835,7.690000057220459,7.6600000858306885,7.055000066757202,8.140000343322754
2017-09-07,7.699999809265137,7.800000190734863,7.610000133514404,7.75,377300,0,0,0.0078023332032624015,1.5881147168554712,7.70233333905538,7.997331147513067,7.407335530597693,7.78000020980835,7.690000057220459,7.670000076293945,7.055000066757202,8.359999656677246
2017-09-08,7.730000019073486,7.809999942779541,7.599999904632568,7.789999961853027,172000,0,0,0.005161285400390625,1.5963114301577228,7.710333331425985,8.001389090979592,7.419277571872378,7.78000020980835,7.690000057220459,7.670000076293945,7.055000066757202,8.399999618530273
2017-09-11,7.820000171661377,7.889999866485596,7.690000057220459,7.760000228881836,271700,0,0,-0.0038510568829394076,1.590163944037299,7.712333345413208,8.003898411821462,7.420768279004954,7.78000020980835,7.690000057220459,7.670000076293945,7.055000066757202,8.279999732971191
2017-09-12,7.800000190734863,7.929999828338623,7.78000020980835,7.840000152587891,180800,0,0,0.010309268214748757,1.6065573706418022,7.715333350499471,8.01019868296098,7.420468018037963,7.81000018119812,7.690000057220459,7.670000076293945,7.055000066757202,8.5600004196167
2017-09-13,7.849999904632568,7.909999847412109,7.789999961853027,7.820000171661377,192900,0,0,-0.0025510179256708065,1.6024590139906763,7.718333355585734,8.01554122646417,7.421125484707297,7.81000018119812,7.670000076293945,7.670000076293945,7.055000066757202,8.390000343322754
2017-09-14,7.869999885559082,7.909999847412109,7.769999980926514,7.789999961853027,151700,0,0,-0.003836343881048254,1.5963114301577226,7.721666685740153,8.01976464543471,7.423568726045594,7.81000018119812,7.65500020980835,7.670000076293945,7.055000066757202,8.470000267028809
2017-09-15,7.800000190734863,7.880000114440918,7.75,7.869999885559082,467400,0,0,0.010269566636432303,1.612704856762226,7.726666688919067,8.029449372731893,7.423884005106241,7.764999866485596,7.65500020980835,7.670000076293945,7.055000066757202,8.600000381469727
2017-09-18,7.880000114440918,7.989999771118164,7.860000133514404,7.940000057220459,532700,0,0,0.008894558154927346,1.6270491538974314,7.728666687011719,8.036198429835256,7.421134944188181,7.794999837875366,7.65500020980835,7.695000052452087,7.055000066757202,8.479999542236328
2017-09-19,7.96999979019165,8.100000381469727,7.929999828338623,7.960000038146973,282800,0,0,0.002518889267302482,1.6311475105485573,7.728666687011719,8.036198429835256,7.421134944188181,7.8500001430511475,7.720000267028809,7.670000076293945,7.055000066757202,8.399999618530273
2017-09-20,7.980000019073486,8.180000305175781,7.860000133514404,7.980000019073486,317200,0,0,0.002512560405862674,1.635245867199683,7.731000026067098,8.0449525507678,7.417047501366397,7.890000104904175,7.760000228881836,7.670000076293945,7.055000066757202,8.399999618530273
2017-09-21,8.010000228881836,8.130000114440918,8.010000228881836,8.09000015258789,294600,0,0,0.013784477851063404,1.65778687763714,7.7423333644866945,8.081568775139166,7.403097953834223,7.93500018119812,7.760000228881836,7.670000076293945,7.055000066757202,8.640000343322754
2017-09-22,8.100000381469727,8.170000076293945,8.029999732971191,8.15999984741211,337900,0,0,0.008652619716184695,1.6721310770598155,7.766333357493083,8.118173955069565,7.414492759916599,7.965000152587891,7.795000076293945,7.670000076293945,7.055000066757202,8.489999771118164
2017-09-25,8.15999984741211,8.420000076293945,8.149999618530273,8.25,518900,0,0,0.011029430670447038,1.6905737308461466,7.796000019709269,8.155738245241857,7.436261794176682,8.085000038146973,7.934999942779541,7.670000076293945,7.055000066757202,8.40999984741211
2017-09-26,8.239999771118164,8.3100004196167,8.039999961853027,8.25,217800,0,0,0.0,1.6905737308461466,7.819333346684774,8.202132801325853,7.436533892043694,8.085000038146973,7.980000019073486,7.6600000858306885,7.070000171661377,8.520000457763672
2017-09-27,8.34000015258789,8.380000114440918,8.220000267028809,8.3100004196167,396800,0,0,0.007272778135357427,1.7028688985120541,7.846666701634725,8.248028308400688,7.445305094868763,8.085000038146973,7.980000019073486,7.639999985694885,7.1000001430511475,8.720000267028809
2017-09-28,8.34000015258789,8.380000114440918,8.3100004196167,8.34000015258789,391100,0,0,0.0036100759875261623,1.7090163846324777,7.875666713714599,8.28942332761651,7.461910099812688,8.140000104904175,7.980000019073486,7.629999995231628,7.2200000286102295,8.869999885559082
2017-09-29,8.369999885559082,8.399999618530273,8.1899995803833,8.270000457763672,294100,0,0,-0.008393248626320182,1.6946721852098026,7.901000054677327,8.315162079230893,7.486838030123762,8.140000104904175,7.980000019073486,7.629999995231628,7.230000019073486,8.8100004196167
2017-10-02,8.3100004196167,8.380000114440918,8.270000457763672,8.380000114440918,487000,0,0,0.013301046020376184,1.7172130979347295,7.924333397547404,8.363981450594205,7.484685344500603,8.140000104904175,7.980000019073486,7.642500042915344,7.25,8.699999809265137
2017-10-03,8.380000114440918,8.569999694824219,8.34000015258789,8.4399995803833,508300,0,0,0.007159840706802312,1.7295080701755767,7.9473333835601805,8.418912806684235,7.475753960436126,8.289999961853027,8.054999828338623,7.662500023841858,7.255000114440918,8.710000038146973
2017-10-04,8.4399995803833,8.489999771118164,8.270000457763672,8.300000190734863,273600,0,0,-0.01658760623327893,1.7008196713302262,7.964000050226847,8.44864776765408,7.479352332799613,8.299999713897705,8.054999828338623,7.662500023841858,7.2799999713897705,8.880000114440918
2017-10-05,8.34000015258789,8.520000457763672,8.3100004196167,8.369999885559082,297700,0,0,0.00843369797778526,1.7151638707529013,7.989666716257731,8.476030156913922,7.50330327560154,8.304999828338623,8.084999799728394,7.679999947547913,7.5299999713897705,9.0
2017-10-06,8.380000114440918,8.479999542236328,8.319999694824219,8.329999923706055,141100,0,0,-0.004778968028666286,1.7069671574506498,8.008666706085204,8.502094411985553,7.515239000184855,8.304999828338623,8.084999799728394,7.689999938011169,7.610000133514404,9.149999618530272
2017-10-09,8.329999923706055,8.430000305175781,8.279999732971191,8.390000343322754,226100,0,0,0.007202931592585671,1.7192623251165573,8.024333381652832,8.534937989967343,7.513728773338321,8.37999963760376,8.084999799728394,7.712499976158142,7.610000133514404,9.119999885559082
2017-10-10,8.449999809265137,8.5600004196167,8.390000343322754,8.5,447000,0,0,0.01311080478855886,1.7418032378414843,8.0506667137146,8.574923210607187,7.526410216822012,8.37999963760376,8.084999799728394,7.735000133514404,7.610000133514404,8.989999771118164
2017-10-11,8.479999542236328,8.479999542236328,8.25,8.270000457763672,190700,0,0,-0.027058769674862093,1.6946721852098026,8.070000060399373,8.582348141285546,7.557651979513199,8.37999963760376,8.084999799728394,7.735000133514404,7.630000114440918,9.65999984741211
2017-10-12,8.260000228881836,8.329999923706055,8.130000114440918,8.140000343322754,190700,0,0,-0.015719480924438978,1.6680328181212198,8.079666741689046,8.585993510056563,7.57333997332153,8.349999904632568,8.084999799728394,7.735000133514404,7.630000114440918,9.710000038146973
2017-10-13,8.149999618530273,8.40999984741211,8.149999618530273,8.359999656677246,239000,0,0,0.027026941532620086,1.7131146435710736,8.096666733423868,8.605234573718118,7.588098893129619,8.349999904632568,8.084999799728394,7.735000133514404,7.650000095367432,10.0
2017-10-16,8.319999694824219,8.40999984741211,8.199999809265137,8.399999618530273,116100,0,0,0.00478468462867454,1.7213113568733254,8.11500005722046,8.626306316042857,7.603693798398062,8.345000267028809,8.129999876022339,7.735000133514404,7.650000095367432,10.079999923706056
2017-10-17,8.380000114440918,8.399999618530273,8.170000076293945,8.279999732971191,121500,0,0,-0.014285701310552956,1.6967212169665704,8.134000047047932,8.62581066328837,7.642189430807494,8.345000267028809,8.15999984741211,7.735000133514404,7.650000095367432,9.920000076293944
2017-10-18,8.279999732971191,8.579999923706055,8.279999732971191,8.5600004196167,466000,0,0,0.03381650913955192,1.754098405507392,8.163000059127807,8.649272685036886,7.676727433218728,8.355000019073486,8.164999961853027,7.7500001192092896,7.650000095367432,9.789999961853027
2017-10-19,8.460000038146973,8.529999732971191,8.210000038146973,8.390000343322754,191400,0,0,-0.019859821023414992,1.7192623251165575,8.184333403905233,8.652183087876884,7.716483719933584,8.355000019073486,8.164999961853027,7.740000128746033,7.650000095367432,9.600000381469728
2017-10-20,8.5,8.59000015258789,8.430000305175781,8.470000267028809,246500,0,0,0.009535151422219279,1.7356557517210607,8.207000080744425,8.66203081236916,7.75196934911969,8.360000133514404,8.170000076293945,7.732500195503235,7.650000095367432,9.68000030517578
2017-10-23,8.5,8.640000343322754,8.449999809265137,8.600000381469727,213800,0,0,0.015348301103008222,1.7622951188096436,8.235000085830688,8.679891704206888,7.790108467454488,8.385000228881836,8.250000238418579,7.710000038146973,7.650000095367432,9.84000015258789
2017-10-24,8.600000381469727,8.65999984741211,8.420000076293945,8.479999542236328,153700,0,0,-0.013953585338433494,1.7377047834778285,8.25633339881897,8.68458900429371,7.828077793344231,8.394999980926514,8.259999990463257,7.725000023841858,7.650000095367432,9.670000076293944
2017-10-25,8.5,8.5,8.350000381469727,8.399999618530273,122000,0,0,-0.00943395377648304,1.7213113568733251,8.2756667137146,8.674955178005105,7.8763782494240955,8.404999732971191,8.259999990463257,7.785000205039978,7.65500020980835,9.640000343322754
2017-10-26,8.399999618530273,8.5,8.350000381469727,8.399999618530273,150900,0,0,0.0,1.7213113568733251,8.296000035603841,8.654594892648246,7.937405178559437,8.414999961853027,8.335000038146973,7.825000166893005,7.695000171661377,9.65999984741211
2017-10-27,9.0,9.0,8.380000114440918,8.640000343322754,727000,0,0,0.02857151615376763,1.770491832111895,8.321666717529297,8.664607179842776,7.978726255215819,8.585000038146973,8.514999866485596,7.847500205039978,7.695000171661377,9.59000015258789
2017-10-30,8.649999618530273,8.649999618530273,8.390000343322754,8.489999771118164,304000,0,0,-0.017361176648623022,1.739754010659656,8.340000041325887,8.65737898868273,8.022621093969043,8.605000019073486,8.519999980926514,7.880000114440918,7.695000171661377,9.640000343322754
2017-10-31,8.520000457763672,8.520000457763672,8.390000343322754,8.40999984741211,206800,0,0,-0.009422841679949556,1.723360584055153,8.355000034968059,8.640229428369476,8.069770641566642,8.605000019073486,8.519999980926514,8.009999990463257,7.815000057220459,9.649999618530272
2017-11-01,8.529999732971191,8.569999694824219,8.4399995803833,8.520000457763672,520000,0,0,0.013079739874836127,1.74590169220514,8.373000049591065,8.628041698419004,8.117958400763126,8.675000190734863,8.565000057220459,8.03250002861023,7.815000057220459,9.479999542236328
2017-11-02,8.520000457763672,8.75,8.479999542236328,8.720000267028809,317000,0,0,0.023474154755812382,1.7868852587163981,8.394000053405762,8.655982598603469,8.132017508208055,8.675000190734863,8.565000057220459,8.03250002861023,7.855000019073486,9.470000267028809
2017-11-03,8.729999542236328,8.899999618530273,8.670000076293945,8.869999885559082,526700,0,0,0.01720179058909399,1.8176228847435767,8.417666721343995,8.716279710482858,8.119053732205131,8.675000190734863,8.565000057220459,8.06000006198883,7.855000019073486,9.829999923706056
2017-11-06,8.899999618530273,8.930000305175781,8.779999732971191,8.8100004196167,343500,0,0,-0.006764314173223984,1.8053279125027295,8.436333401997883,8.759522774616679,8.113144029379088,8.675000190734863,8.565000057220459,8.06000006198883,7.855000019073486,9.84000015258789
2017-11-07,8.779999732971191,8.869999885559082,8.649999618530273,8.699999809265137,393800,0,0,-0.012485880262460669,1.7827868043527424,8.451333395640056,8.78022107297735,8.122445718302762,8.675000190734863,8.565000057220459,8.06000006198883,7.855000019073486,9.890000343322754
2017-11-08,8.640000343322754,8.739999771118164,8.510000228881836,8.710000038146973,478000,0,0,0.0011494516208134797,1.7848360315345706,8.464666716257732,8.801828141010025,8.127505291505438,8.690000057220459,8.565000057220459,8.172499895095825,7.929999828338623,10.130000114440918
2017-11-09,8.680000305175781,8.899999618530273,8.670000076293945,8.880000114440918,306200,0,0,0.019517804311067755,1.8196721119254051,8.482666714986165,8.847608583704277,8.117724846268052,8.660000324249268,8.565000057220459,8.177499771118164,7.929999828338623,10.210000038146973
2017-11-10,8.84000015258789,9.06999969482422,8.84000015258789,9.0,191000,0,0,0.01351350045186761,1.84426225183216,8.50700003306071,8.907364214285764,8.106635851835655,8.730000019073486,8.599999904632568,8.194999814033508,7.929999828338623,10.18000030517578
2017-11-13,8.9399995803833,9.229999542236328,8.520000457763672,9.149999618530272,216000,0,0,0.016666624281141296,1.8749998778593382,8.532666683197021,8.991257954547196,8.074075411846847,8.834999561309814,8.679999828338623,8.194999814033508,7.929999828338623,9.960000038146973
2017-11-14,9.119999885559082,9.220000267028809,9.06999969482422,9.119999885559082,148300,0,0,-0.0032786594778031475,1.8688523917389148,8.555333360036213,9.05814859489934,8.052518125173087,8.854999542236328,8.679999828338623,8.232499718666077,7.929999828338623,10.130000114440918
2017-11-15,9.020000457763672,9.130000114440918,8.890000343322754,8.989999771118164,748700,0,0,-0.014254398692127634,1.842213024650332,8.578333346048991,9.09516269113407,8.061504000963913,8.869999885559082,8.679999828338623,8.232499718666077,7.929999828338623,9.989999771118164
2017-11-16,9.09000015258789,9.6899995803833,9.09000015258789,9.65999984741211,367700,0,0,0.07452726288674993,1.9795081190318422,8.621333344777424,9.260867551071266,7.9817991384835825,9.099999904632568,8.90999984741211,8.232499718666077,7.929999828338623,10.029999732971191
2017-11-17,9.56999969482422,9.800000190734863,9.5,9.710000038146973,259600,0,0,0.005176003263422269,1.989754059515922,8.667333348592122,9.40649038384369,7.928176313340552,9.15500020980835,8.974999904632568,8.217499852180481,7.929999828338623,9.960000038146973
2017-11-20,9.779999732971191,10.0600004196167,9.710000038146973,10.0,531000,0,0,0.02986611335877698,2.0491802798135113,8.721000003814698,9.59277040892966,7.849229598699736,9.285000324249268,9.115000247955322,8.217499852180481,7.929999828338623,9.920000076293944
2017-11-21,10.0,10.1899995803833,10.0,10.079999923706056,461400,0,0,0.007999992370605558,2.065573706418015,8.773666667938233,9.767218340377596,7.78011499549887,9.355000019073486,9.179999828338623,8.237500071525574,7.929999828338623,9.880000114440918
2017-11-22,10.100000381469728,10.140000343322754,9.90999984741211,9.920000076293944,177500,0,0,-0.015873000855468944,2.0327868532090076,8.828666655222575,9.88488327480341,7.772450035641739,9.355000019073486,9.199999809265137,8.252500057220459,7.929999828338623,9.970000267028809
2017-11-24,9.93000030517578,9.960000038146973,9.739999771118164,9.789999961853027,89800,0,0,-0.01310485014527174,2.006147486120425,8.883666642506917,9.962170161245005,7.805163123768828,9.355000019073486,9.199999809265137,8.259999990463257,7.934999942779541,9.9399995803833
2017-11-27,9.8100004196167,9.84000015258789,9.59000015258789,9.600000381469728,351700,0,0,-0.019407515947256093,1.9672131467909952,8.925,10.014967021353154,7.835032978646848,9.539999961853027,9.269999980926514,8.259999990463257,7.934999942779541,10.039999961853027
2017-11-28,9.640000343322754,9.729999542236328,9.289999961853027,9.68000030517578,1258900,0,0,0.008333325054910468,1.983606573395498,8.96766668955485,10.072108810961836,7.8632245681478645,9.539999961853027,9.269999980926514,8.265000104904175,7.940000057220459,10.06999969482422
2017-11-29,9.770000457763672,10.0,9.710000038146973,9.84000015258789,382200,0,0,0.016528909335525643,2.016393426604505,9.019666703542073,10.136451440192875,7.902881966891272,9.639999866485596,9.269999980926514,8.317500233650208,7.965000152587891,10.09000015258789
2017-11-30,9.960000038146973,9.960000038146973,9.609999656677246,9.670000076293944,414200,0,0,-0.017276430249773655,1.9815573462136702,9.056666692097982,10.183522244612641,7.9298111395833235,9.739999771118164,9.269999980926514,8.327499985694885,7.974999904632568,10.25
2017-12-01,9.670000076293944,9.670000076293944,9.25,9.640000343322754,334500,0,0,-0.0031023508515510834,1.9754098600932468,9.098333358764648,10.215967138518968,7.98069957901033,9.71999979019165,9.269999980926514,8.332499861717224,8.0,10.31999969482422
2017-12-04,9.779999732971191,9.9399995803833,9.579999923706056,9.65999984741211,302100,0,0,0.0020746372797806334,1.9795081190318424,9.138000011444092,10.248109511652306,8.027890511235878,9.71999979019165,9.28499984741211,8.375,8.0,10.800000190734863
2017-12-05,9.630000114440918,9.699999809265137,9.539999961853027,9.59000015258789,197900,0,0,-0.007246345334360638,1.965163919609167,9.171000003814697,10.274058028249712,8.067941979379682,9.695000171661377,9.289999961853027,8.549999952316284,8.170000076293945,10.859999656677246
2017-12-06,9.579999923706056,9.6899995803833,9.520000457763672,9.640000343322754,244500,0,0,0.005213784143827116,1.9754098600932464,9.209666697184245,10.294416378945435,8.124917015423055,9.625,9.289999961853027,8.5625,8.204999923706055,10.81999969482422
2017-12-07,9.579999923706056,9.789999961853027,9.529999732971191,9.649999618530272,393000,0,0,0.0010372691754563235,1.9774588918500136,9.251333363850911,10.304246372891873,8.198420354809949,9.625,9.3149995803833,8.5625,8.224999904632568,10.859999656677246
2017-12-08,9.68000030517578,9.68000030517578,9.43000030517578,9.479999542236328,189300,0,0,-0.017616588913382247,1.9426228114591795,9.28733336130778,10.294503932521915,8.280162790093646,9.625,9.334999561309814,8.620000123977661,8.269999980926514,10.800000190734863
2017-12-11,9.489999771118164,9.5600004196167,9.380000114440918,9.470000267028809,325100,0,0,-0.0010547759167044424,1.9405737797024116,9.315000025431315,10.294929078590588,8.335070972272042,9.625,9.349999904632568,8.620000123977661,8.269999980926514,10.850000381469728
2017-12-12,9.489999771118164,9.84000015258789,9.489999771118164,9.829999923706056,430800,0,0,0.03801474620128986,2.0143441994226765,9.359666697184245,10.30692830863524,8.412405085733251,9.605000019073486,9.349999904632568,8.620000123977661,8.269999980926514,11.039999961853027
2017-12-13,9.850000381469728,10.050000190734863,9.760000228881836,9.84000015258789,460000,0,0,0.0010173172898728655,2.0163934266045045,9.407333374023438,10.301407697132461,8.513259050914414,9.650000095367432,9.349999904632568,8.620000123977661,8.269999980926514,11.079999923706056
2017-12-14,9.850000381469728,10.0600004196167,9.760000228881836,9.890000343322754,477700,0,0,0.005081320117837018,2.0266393670885843,9.453000036875407,10.300137228818906,8.605862844931908,9.720000267028809,9.349999904632568,8.620000123977661,8.269999980926514,11.0
2017-12-15,9.880000114440918,10.18000030517578,9.81999969482422,10.130000114440918,2052300,0,0,0.02426691231413347,2.0758196469020938,9.500000031789144,10.335705132060728,8.66429493151756,9.78000020980835,9.355000019073486,8.627500057220459,8.269999980926514,11.279999732971191
2017-12-18,10.229999542236328,10.550000190734863,10.079999923706056,10.210000038146973,546700,0,0,0.007897327028852708,2.0922130735065974,9.544666703542074,10.38411590007323,8.705217507010918,9.96500015258789,9.535000324249268,8.612500190734863,8.269999980926514,10.75
2017-12-19,10.229999542236328,10.260000228881836,10.119999885559082,10.18000030517578,325200,0,0,-0.0029382696238107187,2.086065587386173,9.590333366394043,10.41395956473886,8.766707168049226,9.96500015258789,9.535000324249268,8.664999961853027,8.334999799728394,10.68000030517578
2017-12-20,10.25,10.25,9.8100004196167,9.960000038146973,277700,0,0,-0.02161102754750932,2.0409835665112595,9.632333374023437,10.396823309842427,8.867843438204448,9.96500015258789,9.720000267028809,8.757499694824219,8.414999723434448,10.449999809265137
2017-12-21,10.039999961853027,10.18000030517578,10.0,10.130000114440918,244600,0,0,0.017068280687032367,2.075819646902094,9.679666709899902,10.383697157157798,8.975636262642006,9.96500015258789,9.720000267028809,8.767499685287476,8.414999723434448,10.56999969482422
2017-12-22,10.18000030517578,10.18000030517578,9.949999809265137,9.989999771118164,257000,0,0,-0.013820369372274266,2.0471310526316833,9.71666669845581,10.363401978938228,9.069931417973393,10.019999980926514,9.820000171661377,8.774999856948853,8.414999723434448,10.779999732971191
2017-12-26,9.989999771118164,10.100000381469728,9.93000030517578,10.029999732971191,295300,0,0,0.004004000277224362,2.055327765933935,9.751000022888183,10.349790409013215,9.152209636763152,10.15500020980835,9.900000095367432,9.004999876022339,8.644999742507935,10.600000381469728
2017-12-27,10.0,10.029999732971191,9.90999984741211,9.960000038146973,173500,0,0,-0.0069790325710689105,2.04098356651126,9.778000036875406,10.337992195541155,9.218007878209658,10.15500020980835,9.900000095367432,9.065000057220459,8.700000047683716,10.0
2017-12-28,10.0,10.0,9.859999656677246,9.920000076293944,164400,0,0,-0.004016060411629385,2.032786853209008,9.804666709899902,10.310712160388771,9.298621259411032,10.180000305175781,9.900000095367432,9.200000286102295,8.830000162124634,10.140000343322754
2017-12-29,9.920000076293944,9.970000267028809,9.760000228881836,9.880000114440918,232000,0,0,-0.004032254188043205,2.0245901399067567,9.834333388010661,10.24105055418553,9.427616221835791,10.15500020980835,9.900000095367432,9.267499923706055,8.93999981880188,10.109999656677246
2018-01-02,9.899999618530272,10.0,9.880000114440918,9.970000267028809,244000,0,0,0.009109327079495078,2.043032793693088,9.844666735331218,10.248902615215556,9.44043085544688,10.010000228881836,9.900000095367432,9.277499914169312,8.96999979019165,10.25
2018-01-03,9.979999542236328,10.0,9.920000076293944,9.9399995803833,169700,0,0,-0.0030090958718147487,2.036885112147604,9.852333386739096,10.254794123428926,9.449872650049265,10.005000114440918,9.900000095367432,9.277499914169312,8.96999979019165,10.40999984741211
2018-01-04,10.0,10.0600004196167,9.90999984741211,10.039999961853027,188000,0,0,0.010060400974973627,2.057376993115763,9.853666718800863,10.258320184752993,9.449013252848733,9.970000267028809,9.900000095367432,9.40499997138977,8.96999979019165,10.399999618530272
2018-01-05,10.050000190734863,10.119999885559082,9.989999771118164,10.06999969482422,436900,0,0,0.002988021223623294,2.0635244792361873,9.853333377838135,10.257261065910575,9.449405689765696,9.970000267028809,9.900000095367432,9.40499997138977,8.96999979019165,10.390000343322754
2018-01-08,10.020000457763672,10.220000267028809,9.989999771118164,10.09000015258789,295700,0,0,0.001986142837119509,2.067622933599843,9.859000047047934,10.271141957693944,9.446858136401923,9.990000247955322,9.900000095367432,9.454999923706055,9.024999856948853,10.449999809265137
2018-01-09,10.140000343322754,10.399999618530272,10.140000343322754,10.25,297300,0,0,0.01585726907755025,2.100409786808849,9.874333381652832,10.308554412151265,9.440112351154399,10.079999923706055,9.900000095367432,9.504999876022339,9.024999856948853,10.699999809265137
2018-01-10,10.289999961853027,10.420000076293944,10.149999618530272,10.31999969482422,424400,0,0,0.006829238519436176,2.1147539862315248,9.89833335876465,10.348444676141167,9.448222041388131,10.09000015258789,9.96500015258789,9.494999885559082,9.024999856948853,10.75
2018-01-11,10.31999969482422,10.8100004196167,10.3100004196167,10.800000190734863,215300,0,0,0.04651167733574413,2.2131147412836043,9.935666688283284,10.481967155758648,9.38936622080792,10.285000324249268,10.095000267028809,9.50249981880188,9.099999904632568,10.720000267028809
2018-01-12,10.90999984741211,10.960000038146973,10.720000267028809,10.859999656677246,231700,0,0,0.005555506007662414,2.2254097135244515,9.969666671752929,10.606705260748752,9.332628082757106,10.420000076293945,10.170000076293945,9.492500066757202,9.109999656677246,10.899999618530272
2018-01-16,10.949999809265137,11.050000190734863,10.710000038146973,10.81999969482422,402700,0,0,-0.00368323785612934,2.2172130002222,10.007999992370605,10.703605203799112,9.312394780942098,10.480000019073486,10.21500015258789,9.457499980926514,9.114999771118164,10.9399995803833
2018-01-17,10.890000343322754,10.90999984741211,10.729999542236328,10.859999656677246,399600,0,0,0.003696854249650272,2.2254097135244515,10.048666636149088,10.793995170301878,9.303338101996298,10.480000019073486,10.21500015258789,9.46999979019165,9.114999771118164,10.899999618530272
2018-01-18,10.869999885559082,10.899999618530272,10.720000267028809,10.800000190734863,224500,0,0,-0.005524812876535612,2.2131147412836043,10.08666664759318,10.864190965769167,9.309142329417194,10.519999980926514,10.21500015258789,9.479999780654907,9.15999984741211,10.779999732971191
2018-01-19,10.779999732971191,10.949999809265137,10.779999732971191,10.850000381469728,326500,0,0,0.004629647208502785,2.223360681767684,10.128666655222576,10.929942813085306,9.327390497359845,10.519999980926514,10.269999980926514,9.487499952316284,9.15999984741211,10.670000076293944
2018-01-22,10.890000343322754,11.050000190734863,10.829999923706056,11.039999961853027,189200,0,0,0.017511481447299415,2.262295021097114,10.175333309173585,11.019001009638028,9.331665608709141,10.595000267028809,10.40500020980835,9.477499961853027,9.15999984741211,10.56999969482422
2018-01-23,11.0600004196167,11.09000015258789,10.93000030517578,11.079999923706056,138300,0,0,0.003623184962974868,2.2704917343993656,10.222999986012777,11.103115288263279,9.342884683762275,10.619999885559082,10.425000190734863,9.5,9.15999984741211,10.489999771118164
2018-01-24,11.109999656677246,11.199999809265137,10.949999809265137,11.0,193900,0,0,-0.0072202097704796575,2.254098307794862,10.273666667938233,11.151873348722068,9.395459987154398,10.755000114440918,10.480000019073486,9.535000085830688,9.15999984741211,10.489999771118164
2018-01-25,11.029999732971191,11.279999732971191,10.859999656677246,11.279999732971191,321600,0,0,0.02545452117919922,2.3114753009106233,10.333999983469646,11.231426339346378,9.436573627592914,10.994999885559082,10.519999980926514,9.567500114440918,9.15999984741211,10.640000343322754
2018-01-26,11.270000457763672,11.270000457763672,9.619999885559082,10.75,1222100,0,0,-0.04698579304235384,2.202868800799524,10.364666652679443,11.25399897465774,9.475334330701145,10.449999809265137,10.449999809265137,9.750000238418579,9.34000015258789,10.789999961853027
2018-01-29,10.75,10.890000343322754,10.619999885559082,10.68000030517578,467100,0,0,-0.006511599518532196,2.1885246013768485,10.392666657765707,11.267025288212372,9.518308027319042,10.449999809265137,10.449999809265137,9.750000238418579,9.34000015258789,10.859999656677246
2018-01-30,10.630000114440918,10.649999618530272,10.420000076293944,10.449999809265137,450800,0,0,-0.021535626342555347,2.141393353320107,10.411333306630452,11.26578185711391,9.556884756146994,10.449999809265137,10.449999809265137,9.84250020980835,9.34000015258789,10.84000015258789
2018-01-31,10.489999771118164,10.789999961853027,10.399999618530272,10.56999969482422,240700,0,0,0.011483242846826558,2.165983493226862,10.425999959309896,11.275751492315274,9.576248426304518,10.449999809265137,10.449999809265137,9.84250020980835,9.34000015258789,10.960000038146973
2018-02-01,10.550000190734863,10.800000190734863,10.43000030517578,10.779999732971191,253200,0,0,0.019867553851472763,2.2090162869199474,10.44499994913737,11.300022184284472,9.589977713990269,10.449999809265137,10.449999809265137,9.920000076293945,9.34000015258789,10.970000267028809
2018-02-02,10.75,10.850000381469728,10.520000457763672,10.600000381469728,373300,0,0,-0.016697528382206284,2.1721311747723457,10.458999951680502,11.30997826006425,9.608021643296754,10.449999809265137,10.449999809265137,10.02750015258789,9.34000015258789,10.890000343322754
2018-02-05,10.43000030517578,10.520000457763672,9.979999542236328,10.0,445600,0,0,-0.05660380753557448,2.049180279813511,10.46033328374227,11.308319610954138,9.6123469565304,10.449999809265137,10.449999809265137,10.02750015258789,9.349999904632568,10.899999618530272
2018-02-06,9.81999969482422,10.1899995803833,9.770000457763672,10.140000343322754,498300,0,0,0.01400003433227548,2.0778688740839217,10.460666624704997,11.30814430533281,9.613188944077184,10.449999809265137,10.449999809265137,10.040000200271606,9.360000133514404,10.949999809265137
2018-02-07,10.09000015258789,10.170000076293944,10.0,10.109999656677246,564200,0,0,-0.0029586474980016764,2.071721192538438,10.4646666208903,11.304368173603054,9.624965068177547,10.445000171661377,10.449999809265137,10.02750015258789,9.360000133514404,10.989999771118164
2018-02-08,10.18000030517578,10.5600004196167,10.170000076293944,10.25,608000,0,0,0.01384770999772389,2.1004097868088487,10.471999963124594,11.300227781506422,9.643772144742766,10.330000400543213,10.449999809265137,9.955000162124634,9.380000114440918,11.170000076293944
2018-02-09,10.329999923706056,10.449999809265137,10.119999885559082,10.40999984741211,736000,0,0,0.0156097412109375,2.133196640017855,10.486999956766764,11.293752975147566,9.680246938385963,10.3100004196167,10.449999809265137,9.952500104904175,9.380000114440918,11.1899995803833
2018-02-12,10.420000076293944,10.5,10.369999885559082,10.399999618530272,330300,0,0,-0.0009606367942766036,2.1311474128360266,10.502999941507975,11.282902782282536,9.723097100733414,10.3100004196167,10.449999809265137,9.93500018119812,9.450000286102295,11.289999961853027
2018-02-13,10.399999618530272,10.449999809265137,10.010000228881836,10.390000343322754,234000,0,0,-0.0009614688052200782,2.129098381079259,10.51999994913737,11.266576401822519,9.77342349645222,10.3100004196167,10.449999809265137,9.93500018119812,9.450000286102295,10.960000038146973
2018-02-14,10.329999923706056,10.579999923706056,10.329999923706056,10.449999809265137,506200,0,0,0.0057747318536849335,2.141393353320107,10.53599993387858,11.254982774262922,9.817017093494238,10.3100004196167,10.449999809265137,9.945000171661377,9.450000286102295,10.59000015258789
2018-02-15,10.539999961853027,10.720000267028809,10.43000030517578,10.699999809265137,529400,0,0,0.023923445412730615,2.1926228603154447,10.561333274841308,11.247550137130828,9.875116412551789,10.24500036239624,10.449999809265137,9.990000009536743,9.450000286102295,10.859999656677246
2018-02-16,10.640000343322754,11.020000457763672,10.640000343322754,10.75,493900,0,0,0.00467291510524781,2.2028688007995245,10.584999942779541,11.246346584770292,9.923653300788791,10.395000457763672,10.449999809265137,10.02750015258789,9.450000286102295,10.699999809265137
2018-02-20,10.649999618530272,10.850000381469728,10.649999618530272,10.720000267028809,323000,0,0,-0.002790672834529384,2.196721314679101,10.606666628519694,11.24132710174366,9.972006155295727,10.510000228881836,10.449999809265137,10.190000295639038,9.595000267028809,10.720000267028809
2018-02-21,10.699999809265137,10.989999771118164,10.68000030517578,10.899999618530272,427100,0,0,0.016790983863599562,2.2336064268267033,10.633666610717773,11.246800517285113,10.020532704150433,10.515000343322754,10.449999809265137,10.295000076293945,9.675000190734863,10.800000190734863
2018-02-22,10.93000030517578,11.220000267028809,10.890000343322754,10.9399995803833,300600,0,0,0.0036697213993501787,2.2418031401289555,10.65666659673055,11.26227566174593,10.051057531715172,10.615000247955322,10.449999809265137,10.347500085830688,9.720000267028809,10.5600004196167
2018-02-23,10.93000030517578,11.25,10.770000457763672,10.899999618530272,372400,0,0,-0.003656303783114767,2.2336064268267033,10.675999927520753,11.274419423877495,10.07758043116401,10.630000114440918,10.449999809265137,10.347500085830688,9.744999885559082,10.220000267028809
2018-02-26,10.899999618530272,10.899999618530272,10.729999542236328,10.779999732971191,220900,0,0,-0.01100916419804987,2.209016286919949,10.675333245595295,11.273246328572785,10.077420162617805,10.630000114440918,10.449999809265137,10.367500066757202,9.764999866485596,10.619999885559082
2018-02-27,10.800000190734863,10.880000114440918,10.630000114440918,10.670000076293944,553900,0,0,-0.01020405003729341,2.1864753741950214,10.668999926249187,11.262992354005855,10.07500749849252,10.789999961853027,10.449999809265137,10.394999980926514,9.78000020980835,10.760000228881836
2018-02-28,10.720000267028809,10.760000228881836,10.5600004196167,10.56999969482422,281800,0,0,-0.009372106912341915,2.1659834932268627,10.660666592915852,11.252974744132224,10.06835844169948,10.84000015258789,10.449999809265137,10.500000238418579,9.78000020980835,10.449999809265137
2018-03-01,10.539999961853027,10.6899995803833,10.449999809265137,10.489999771118164,233500,0,0,-0.007568583350596514,2.149590066622359,10.648333263397216,11.238942621107679,10.057723905686753,10.849999904632568,10.449999809265137,10.522500038146973,9.800000190734863,10.380000114440918
2018-03-02,10.4399995803833,10.539999961853027,10.300000190734863,10.489999771118164,341800,0,0,0.0,2.149590066622359,10.63799991607666,11.228481783200534,10.047518048952787,10.775000095367432,10.449999809265137,10.617500066757202,9.855000019073486,10.539999961853027
2018-03-05,10.470000267028809,10.800000190734863,10.359999656677246,10.640000343322754,554200,0,0,0.014299387557431764,2.1803278880745975,10.630999914805095,11.216252787269996,10.045747042340194,10.775000095367432,10.445000171661377,10.757499933242798,9.900000095367432,10.59000015258789
2018-03-06,10.649999618530272,10.800000190734863,10.579999923706056,10.789999961853027,254600,0,0,0.014097708053591118,2.2110655141017763,10.62266658147176,11.191379471687272,10.053953691256249,10.775000095367432,10.510000228881836,10.449999809265137,9.900000095367432,10.710000038146973
2018-03-07,10.760000228881836,10.979999542236328,10.760000228881836,10.859999656677246,233400,0,0,0.006487460154930069,2.2254097135244515,10.615333239237467,11.165765638933197,10.064900839541737,10.775000095367432,10.510000228881836,10.449999809265137,9.900000095367432,10.65999984741211
2018-03-08,10.880000114440918,11.050000190734863,10.729999542236328,10.84000015258789,219400,0,0,-0.00184157502040605,2.2213114545858557,10.609999910990398,11.148468063018656,10.07153175896214,10.675000190734863,10.510000228881836,10.449999809265137,10.085000038146973,10.600000381469728
2018-03-09,10.890000343322754,10.979999542236328,10.829999923706056,10.960000038146973,171300,0,0,0.011070099987999793,2.24590159449261,10.599333254496257,11.09557710979485,10.103089399197664,10.675000190734863,10.510000228881836,10.449999809265137,10.085000038146973,10.68000030517578
2018-03-12,10.989999771118164,11.1899995803833,10.770000457763672,10.970000267028809,243700,0,0,0.0009124296393274722,2.247950821674438,10.60666659673055,11.117780659188082,10.095552534273018,10.744999885559082,10.510000228881836,10.449999809265137,10.184999942779541,10.68000030517578
2018-03-13,10.989999771118164,11.1899995803833,10.81999969482422,10.890000343322754,267900,0,0,-0.007292609093775604,2.231557395069935,10.613666598002116,11.134209396091427,10.093123799912805,10.744999885559082,10.510000228881836,10.449999809265137,10.264999866485596,10.920000076293944
2018-03-14,10.920000076293944,10.979999542236328,10.75,10.899999618530272,256100,0,0,0.0009182070608151349,2.2336064268267024,10.628666591644286,11.155338119028512,10.10199506426006,10.744999885559082,10.510000228881836,10.449999809265137,10.264999866485596,11.220000267028809
2018-03-15,10.880000114440918,10.989999771118164,10.710000038146973,10.949999809265137,249400,0,0,0.004587173622452534,2.243852367310782,10.64133326212565,11.179819506768018,10.102847017483283,10.774999618530273,10.625,10.449999809265137,10.264999866485596,11.079999923706056
2018-03-16,10.949999809265137,11.010000228881836,10.81999969482422,10.989999771118164,701500,0,0,0.003652964616417842,2.252049080613034,10.648333263397216,11.199086904128668,10.097579622665764,10.884999752044678,10.630000114440918,10.447499990463257,10.264999866485596,10.9399995803833
2018-03-19,10.989999771118164,11.18000030517578,10.869999885559082,11.170000076293944,188400,0,0,0.016378554042268734,2.2889343881856963,10.66733325322469,11.248397009025961,10.08626949742342,10.949999809265137,10.630000114440918,10.390000104904175,10.264999866485596,10.859999656677246
2018-03-20,11.229999542236328,11.369999885559082,11.079999923706056,11.1899995803833,283400,0,0,0.0017904658865492973,2.2930326471242926,10.706999905904134,11.262497078852233,10.151502732956034,11.039999961853027,10.690000057220459,10.380000114440918,10.264999866485596,10.899999618530272
2018-03-21,11.170000076293944,11.359999656677246,11.0600004196167,11.289999961853027,195200,0,0,0.008936584916860335,2.3135245280924517,10.74533322652181,11.297759640427346,10.192906812616274,11.039999961853027,10.690000057220459,10.380000114440918,10.264999866485596,10.90999984741211
2018-03-22,11.25,11.289999961853027,10.899999618530272,10.960000038146973,278300,0,0,-0.029229399895577268,2.2459015944926106,10.7736665725708,11.278263567866174,10.269069577275426,11.039999961853027,10.835000038146973,10.380000114440918,10.264999866485596,10.350000381469728
2018-03-23,11.020000457763672,11.029999732971191,10.579999923706056,10.59000015258789,327600,0,0,-0.033759113528400886,2.170081947590518,10.784999910990397,11.25643365829019,10.313566163690604,10.974999904632568,10.835000038146973,10.380000114440918,10.264999866485596,10.260000228881836
2018-03-26,10.720000267028809,10.90999984741211,10.619999885559082,10.859999656677246,217300,0,0,0.025495703512655288,2.2254097135244515,10.799999904632568,11.251078934979972,10.348920874285163,10.974999904632568,10.835000038146973,10.347500085830688,10.264999866485596,10.43000030517578
2018-03-27,10.90999984741211,11.09000015258789,10.6899995803833,10.699999809265137,286000,0,0,-0.014732951424518137,2.1926228603154447,10.809999910990397,11.238023872465199,10.381975949515596,10.974999904632568,10.835000038146973,10.422500133514404,10.329999923706055,10.350000381469728
2018-03-28,10.68000030517578,10.779999732971191,10.470000267028809,10.720000267028809,211300,0,0,0.0018692016934760414,2.1967213146791007,10.820999908447266,11.221536001946133,10.4204638149484,10.920000076293945,10.835000038146973,10.480000019073486,10.329999923706055,10.399999618530272
2018-03-29,10.789999961853027,10.850000381469728,10.579999923706056,10.800000190734863,661100,0,0,0.007462679264300887,2.2131147412836043,10.83266658782959,11.209115113773542,10.456218061885636,10.920000076293945,10.835000038146973,10.482500076293945,10.329999923706055,10.550000190734863
2018-04-02,10.8100004196167,10.989999771118164,10.460000038146973,10.5600004196167,225700,0,0,-0.02222220063700142,2.1639344614700944,10.827999941507976,11.214191706487378,10.441808176528573,10.914999961853027,10.835000038146973,10.53250002861023,10.329999923706055,11.15999984741211
2018-04-03,10.59000015258789,10.609999656677246,10.010000228881836,10.220000267028809,303800,0,0,-0.03219698286718742,2.0942623006884253,10.810333283742269,11.253127530275782,10.367539037208756,10.684999942779541,10.690000057220459,10.539999961853027,10.329999923706055,11.220000267028809
2018-04-04,10.119999885559082,10.699999809265137,10.09000015258789,10.619999885559082,346100,0,0,0.03913890490010363,2.176229433710942,10.806999937693279,11.253923377726382,10.360076497660176,10.650000095367432,10.690000057220459,10.539999961853027,10.329999923706055,11.130000114440918
2018-04-05,10.640000343322754,10.779999732971191,10.529999732971191,10.760000228881836,194900,0,0,0.013182706669622846,2.204918027981353,10.802333291371664,11.248204258933956,10.356462323809371,10.550000190734863,10.690000057220459,10.619999885559082,10.384999752044678,11.140000343322754
2018-04-06,10.710000038146973,10.779999732971191,10.329999923706056,10.449999809265137,193400,0,0,-0.028810447306924836,2.1413933533201077,10.785999965667724,11.246081180236693,10.325918751098754,10.550000190734863,10.690000057220459,10.644999980926514,10.449999809265137,10.949999809265137
2018-04-09,10.479999542236328,10.640000343322754,10.369999885559082,10.380000114440918,154300,0,0,-0.006698535512139947,2.1270491538974325,10.768666648864746,11.24886954508676,10.288463752642732,10.550000190734863,10.690000057220459,10.649999856948853,10.449999809265137,11.0600004196167
2018-04-10,10.470000267028809,10.609999656677246,10.399999618530272,10.539999961853027,193800,0,0,0.01541424331869834,2.159836007106439,10.760666656494141,11.24774987816534,10.273583434822942,10.5,10.690000057220459,10.612499952316284,10.449999809265137,11.06999969482422
2018-04-11,10.520000457763672,10.65999984741211,10.449999809265137,10.59000015258789,139800,0,0,0.004743851130533772,2.170081947590518,10.757999992370605,11.24788904518246,10.26811093955875,10.5,10.690000057220459,10.610000133514404,10.449999809265137,11.770000457763672
2018-04-12,10.630000114440918,10.779999732971191,10.56999969482422,10.710000038146973,160600,0,0,0.011331433789427914,2.1946720874972727,10.762666670481364,11.24797888671591,10.277354454246819,10.5,10.690000057220459,10.642500162124634,10.449999809265137,11.65999984741211
2018-04-13,10.779999732971191,10.779999732971191,10.43000030517578,10.65999984741211,154300,0,0,-0.0046685518727145325,2.184426147013193,10.768333339691162,11.244723851414104,10.29194282796822,10.394999980926514,10.690000057220459,10.642500162124634,10.449999809265137,11.529999732971191
2018-04-16,10.68000030517578,10.779999732971191,10.510000228881836,10.600000381469728,167100,0,0,-0.005628467804992265,2.1721311747723457,10.77200002670288,11.241452701636373,10.302547351769388,10.434999942779541,10.690000057220459,10.59250020980835,10.449999809265137,11.4399995803833
2018-04-17,10.630000114440918,10.720000267028809,10.5600004196167,10.68000030517578,186900,0,0,0.00754716234217323,2.188524601376848,10.77333335876465,11.24151263143522,10.305154086094078,10.554999828338623,10.690000057220459,10.59250020980835,10.449999809265137,11.31999969482422
2018-04-18,10.6899995803833,10.760000228881836,10.619999885559082,10.68000030517578,218700,0,0,0.0,2.188524601376848,10.769666703542073,11.238980618580102,10.300352788504044,10.554999828338623,10.690000057220459,10.627500057220459,10.449999809265137,11.449999809265137
2018-04-19,10.65999984741211,10.979999542236328,10.65999984741211,10.920000076293944,236700,0,0,0.02247188803935285,2.237704881190358,10.771666717529296,11.24299729884282,10.300336136215773,10.674999713897705,10.690000057220459,10.627500057220459,10.449999809265137,11.479999542236328
2018-04-20,10.880000114440918,11.229999542236328,10.729999542236328,11.220000267028809,329300,0,0,0.027472544747149774,2.2991803286697756,10.78433338801066,11.281850218487625,10.286816557533696,10.8149995803833,10.690000057220459,10.627500057220459,10.449999809265137,11.31999969482422
2018-04-23,11.289999961853027,11.289999961853027,11.020000457763672,11.079999923706056,182600,0,0,-0.012477748662284682,2.270491734399365,10.788333384195964,11.293260950115327,10.2834058182766,10.860000133514404,10.690000057220459,10.699999809265137,10.449999809265137,11.529999732971191
2018-04-24,11.130000114440918,11.130000114440918,10.850000381469728,10.9399995803833,183500,0,0,-0.012635410134184233,2.2418031401289538,10.78733336130778,11.290943481946886,10.283723240668674,10.860000133514404,10.690000057220459,10.757499933242798,10.449999809265137,11.31999969482422
2018-04-25,10.949999809265137,10.970000267028809,10.770000457763672,10.859999656677246,153900,0,0,-0.007312607566229201,2.2254097135244506,10.786333338419597,11.289247224561942,10.283419452277252,10.860000133514404,10.690000057220459,10.789999961853027,10.449999809265137,11.479999542236328
2018-04-26,10.890000343322754,10.920000076293944,10.770000457763672,10.899999618530272,102400,0,0,0.00368323785612934,2.233606426826702,10.786333338419597,11.289247224561942,10.283419452277252,10.900000095367432,10.684999942779541,10.865000009536743,10.494999885559082,11.390000343322754
2018-04-27,11.010000228881836,11.630000114440918,10.81999969482422,10.90999984741211,664800,0,0,0.0009174522231025772,2.2356556540085304,10.785000006357828,11.286390877061343,10.283609135654313,11.095000267028809,10.820000171661377,10.865000009536743,10.494999885559082,11.43000030517578
2018-04-30,10.899999618530272,11.0,10.149999618530272,10.350000381469728,332800,0,0,-0.051329007678695304,2.120901667777008,10.763666693369547,11.282399348020927,10.244934038718167,10.889999866485596,10.820000171661377,10.9375,10.494999885559082,11.489999771118164
2018-05-01,10.369999885559082,10.43000030517578,10.239999771118164,10.260000228881836,242300,0,0,-0.008695666596208573,2.1024590139906763,10.733333365122478,11.259793400393963,10.206873329850993,10.889999866485596,10.820000171661377,10.90499997138977,10.494999885559082,11.43000030517578
2018-05-02,10.270000457763672,10.5,10.1899995803833,10.43000030517578,289000,0,0,0.01656920784615523,2.1372950943815106,10.708000055948894,11.217090113780074,10.198909998117713,10.889999866485596,10.820000171661377,10.90499997138977,10.494999885559082,11.489999771118164
2018-05-03,10.34000015258789,10.449999809265137,10.220000267028809,10.350000381469728,243000,0,0,-0.00767017462754549,2.120901667777008,10.676666736602783,11.153508802829158,10.199824670376408,10.889999866485596,10.820000171661377,10.90499997138977,10.494999885559082,11.279999732971191
2018-05-04,10.270000457763672,10.520000457763672,10.25,10.399999618530272,150600,0,0,0.004830843982388755,2.1311474128360266,10.658000055948893,11.132867507417693,10.183132604480093,10.889999866485596,10.820000171661377,10.877500057220459,10.494999885559082,11.18000030517578
2018-05-07,10.420000076293944,10.579999923706056,10.300000190734863,10.550000190734863,203400,0,0,0.014423132471786504,2.1618852342882655,10.656666723887126,11.132507675117736,10.180825772656515,10.889999866485596,10.820000171661377,10.877500057220459,10.494999885559082,11.140000343322754
2018-05-08,10.609999656677246,11.15999984741211,10.609999656677246,11.15999984741211,278200,0,0,0.057819871625495844,2.286885161003868,10.666666730244954,11.170760588325942,10.162572872163965,10.889999866485596,10.820000171661377,10.875,10.494999885559082,11.25
2018-05-09,11.170000076293944,11.399999618530272,11.09000015258789,11.220000267028809,289800,0,0,0.0053763817595939845,2.299180328669775,10.684000078837077,11.22559820155257,10.142401956121583,10.889999866485596,10.860000133514404,10.6875,10.494999885559082,11.31999969482422
2018-05-10,11.229999542236328,11.229999542236328,11.0,11.130000114440918,323700,0,0,-0.008021403783061043,2.280737674883444,10.69766674041748,11.262259318024501,10.133074162810459,10.774999618530272,10.889999866485596,10.670000076293945,10.494999885559082,11.289999961853027
2018-05-11,11.079999923706056,11.239999771118164,10.93000030517578,11.140000343322754,366300,0,0,0.0008984931517530548,2.282786902065272,10.709000078837077,11.294479237928964,10.12352091974519,10.794999599456787,10.889999866485596,10.620000123977661,10.494999885559082,11.239999771118164
2018-05-14,11.140000343322754,11.229999542236328,10.90999984741211,10.949999809265137,235400,0,0,-0.01705570271113166,2.2438523673107813,10.722000058492025,11.310954397045569,10.133045719938481,10.794999599456787,10.889999866485596,10.620000123977661,10.494999885559082,11.15999984741211
2018-05-15,10.9399995803833,11.140000343322754,10.84000015258789,11.0600004196167,244000,0,0,0.010045718015308847,2.2663934754607684,10.750000063578288,11.320528482751255,10.17947164440532,10.809999942779541,10.889999866485596,10.620000123977661,10.494999885559082,10.850000381469728
2018-05-16,11.06999969482422,11.100000381469728,10.970000267028809,11.06999969482422,245300,0,0,0.0009040935649320403,2.2684425072175363,10.765000057220458,11.344598686861824,10.185401427579093,10.824999809265137,10.889999866485596,10.59500002861023,10.494999885559082,10.850000381469728
2018-05-17,11.09000015258789,11.779999732971191,11.020000457763672,11.770000457763672,581600,0,0,0.06323403633576774,2.41188528314453,10.798666731516521,11.480740001113949,10.116593461919093,11.039999961853027,10.964999675750732,10.59500002861023,10.494999885559082,10.739999771118164
2018-05-18,11.8100004196167,12.0,11.640000343322754,11.65999984741211,423600,0,0,-0.009345845885588289,2.3893441749945428,10.83900006612142,11.574481524894113,10.103518607348727,11.304999828338623,11.074999809265137,10.59500002861023,10.570000171661377,10.609999656677246
2018-05-21,11.6899995803833,11.800000190734863,11.479999542236328,11.529999732971191,342700,0,0,-0.011149238091094027,2.36270480790596,10.877333386739094,11.632605504187394,10.122061269290795,11.420000076293945,11.074999809265137,10.542500019073486,10.570000171661377,10.550000190734863
2018-05-22,11.579999923706056,11.630000114440918,11.43000030517578,11.4399995803833,471900,0,0,-0.007805737612510577,2.3442621541196287,10.907333374023438,11.677868214162544,10.136798533884331,11.420000076293945,11.074999809265137,10.5625,10.570000171661377,10.5600004196167
2018-05-23,11.4399995803833,11.460000038146973,11.239999771118164,11.31999969482422,197600,0,0,-0.01048950087068623,2.319672014212874,10.931666692097982,11.706643969762213,10.156689414433751,11.420000076293945,11.074999809265137,10.622499942779541,10.570000171661377,10.460000038146973
2018-05-24,11.329999923706056,11.460000038146973,11.079999923706056,11.449999809265137,233300,0,0,0.011484109359150896,2.3463113813014567,10.956333351135253,11.748326474105676,10.16434022816483,11.420000076293945,11.074999809265137,10.622499942779541,10.570000171661377,10.520000457763672
2018-05-25,11.4399995803833,11.649999618530272,11.359999656677246,11.479999542236328,149100,0,0,0.002620064058596494,2.3524588674218805,10.983666674296062,11.78925834507624,10.178075003515884,11.420000076293945,11.074999809265137,10.682499885559082,10.570000171661377,10.550000190734863
2018-05-29,11.399999618530272,11.43000030517578,11.109999656677246,11.31999969482422,191800,0,0,-0.013937269494083915,2.319672014212874,11.007666651407877,11.809024466902466,10.206308835913289,11.485000133514404,11.074999809265137,10.75249981880188,10.570000171661377,10.609999656677246
2018-05-30,11.359999656677246,11.579999923706056,11.199999809265137,11.529999732971191,171300,0,0,0.018551240619113063,2.36270480790596,11.035999965667724,11.848959527782297,10.223040403553151,11.510000228881836,11.074999809265137,10.775000095367432,10.684999942779541,10.68000030517578
2018-05-31,11.520000457763672,11.539999961853027,11.279999732971191,11.31999969482422,164400,0,0,-0.018213360191714045,2.319672014212874,11.057333278656007,11.865411524776047,10.249255032535967,11.539999961853027,11.074999809265137,10.775000095367432,10.690000057220459,10.890000343322754
2018-06-01,11.420000076293944,11.5600004196167,11.359999656677246,11.479999542236328,173300,0,0,0.014134262519924112,2.35245886742188,11.075999927520751,11.896226997486824,10.255772857554678,11.440000057220459,11.074999809265137,10.775000095367432,10.690000057220459,10.68000030517578
2018-06-04,11.550000190734863,11.600000381469728,11.359999656677246,11.390000343322754,173800,0,0,-0.00783965178591306,2.334016409060609,11.08166659673055,11.908079864843932,10.255253328617167,11.364999771118164,11.074999809265137,10.792500019073486,10.690000057220459,10.829999923706056
2018-06-05,11.399999618530272,11.460000038146973,11.279999732971191,11.43000030517578,190700,0,0,0.003511849047175497,2.3422131223628604,11.093333276112874,11.929090961902656,10.257575590323093,11.364999771118164,11.074999809265137,10.957500219345093,10.820000171661377,10.56999969482422
2018-06-06,11.479999542236328,11.5600004196167,11.43000030517578,11.489999771118164,147700,0,0,0.005249296967666295,2.354508094603708,11.111666615804037,11.957174693914963,10.26615853769311,11.364999771118164,11.09499979019165,10.855000019073486,10.820000171661377,10.510000228881836
2018-06-07,11.529999732971191,11.609999656677246,11.239999771118164,11.43000030517578,285700,0,0,-0.005221885738692755,2.3422131223628604,11.130666637420655,11.97830046119552,10.28303281364579,11.37999963760376,11.09499979019165,10.855000019073486,10.820000171661377,10.630000114440918
2018-06-08,11.449999809265137,11.729999542236328,11.34000015258789,11.489999771118164,225900,0,0,0.005249296967666295,2.354508094603708,11.150333309173584,12.002977512258196,10.297689106088972,11.419999599456787,11.110000133514404,10.855000019073486,10.820000171661377,10.630000114440918
2018-06-11,11.4399995803833,11.510000228881836,11.1899995803833,11.279999732971191,209500,0,0,-0.018276766086178675,2.311475300910622,11.16266663869222,12.011768198157377,10.313565079227065,11.459999561309814,11.125,10.855000019073486,10.820000171661377,10.8100004196167
2018-06-12,11.260000228881836,11.300000190734863,11.15999984741211,11.18000030517578,126200,0,0,-0.00886519770945704,2.2909836153675225,11.190333302815755,11.984364361953872,10.396302243677638,11.444999694824219,11.150000095367432,10.855000019073486,10.820000171661377,10.760000228881836
2018-06-13,11.140000343322754,11.229999542236328,11.050000190734863,11.140000343322754,156400,0,0,-0.0035778140215709797,2.282786902065271,11.219666639963785,11.935730159762542,10.503603120165028,11.389999866485596,11.304999828338623,10.855000019073486,10.820000171661377,10.729999542236328
2018-06-14,11.199999809265137,11.279999732971191,10.899999618530272,11.25,205400,0,0,0.00987429562721509,2.305327814790198,11.246999963124592,11.900678570868001,10.593321355381184,11.3149995803833,11.420000076293945,10.855000019073486,10.820000171661377,10.899999618530272
2018-06-15,11.239999771118164,11.380000114440918,11.039999961853027,11.31999969482422,838200,0,0,0.0062221950954861605,2.3196720142128737,11.279333273569742,11.842592857823124,10.71607368931636,11.3149995803833,11.420000076293945,10.875,10.820000171661377,10.890000343322754
2018-06-18,11.289999961853027,11.479999542236328,11.199999809265137,11.289999961853027,456100,0,0,-0.0026501531607734385,2.31352452809245,11.308999951680502,11.76872828006728,10.849271623293722,11.3149995803833,11.420000076293945,10.832499742507935,10.820000171661377,10.75
2018-06-19,11.210000038146973,11.31999969482422,11.06999969482422,11.239999771118164,538500,0,0,-0.004428714871904771,2.3032785876083706,11.331999937693277,11.697466403990715,10.96653347139584,11.3149995803833,11.420000076293945,10.842499732971191,10.820000171661377,10.640000343322754
2018-06-20,11.279999732971191,11.3100004196167,11.06999969482422,11.15999984741211,251000,0,0,-0.007117431079635694,2.2868851610038674,11.331999937693277,11.697466403990715,10.96653347139584,11.3149995803833,11.420000076293945,10.842499732971191,10.820000171661377,9.8100004196167
2018-06-21,11.15999984741211,11.1899995803833,10.630000114440918,10.850000381469728,555000,0,0,-0.027777730302950387,2.2233606817676828,11.319666608174641,11.722252276895468,10.917080939453815,11.070000171661377,11.315000057220459,10.849999904632568,10.820000171661377,9.850000381469728
2018-06-22,10.93000030517578,11.0,10.770000457763672,10.850000381469728,629200,0,0,0.0,2.2233606817676828,11.310333283742269,11.741824334620693,10.878842232863844,11.054999828338623,11.315000057220459,10.857499837875366,10.820000171661377,9.710000038146973
2018-06-25,10.8100004196167,10.859999656677246,10.640000343322754,10.739999771118164,246400,0,0,-0.010138304745079041,2.200819573617695,11.29699993133545,11.7710507803914,10.822949082279498,11.054999828338623,11.315000057220459,11.00249981880188,10.894999980926514,9.90999984741211
2018-06-26,10.760000228881836,10.760000228881836,10.550000190734863,10.609999656677246,157700,0,0,-0.012104293967539204,2.1741802065291123,11.285666592915852,11.806036257902326,10.765296927929379,11.014999866485596,11.175000190734863,11.18999981880188,11.005000114440918,10.100000381469728
2018-06-27,10.609999656677246,10.65999984741211,10.470000267028809,10.550000190734863,287100,0,0,-0.005654992260496705,2.161885234288265,11.268666585286459,11.84709803640011,10.690235134172807,10.974999904632568,11.099999904632568,11.247499942779541,11.005000114440918,10.06999969482422
2018-06-28,10.539999961853027,10.670000076293944,10.43000030517578,10.5600004196167,198600,0,0,0.0009478889764018561,2.163934461470093,11.251666609446207,11.879944433526818,10.623388785365597,10.954999923706055,11.079999923706055,11.247499942779541,11.005000114440918,9.960000038146973
2018-06-29,10.550000190734863,10.59000015258789,10.449999809265137,10.460000038146973,440100,0,0,-0.00946973271743079,2.143442580501934,11.207999928792317,11.867232803565903,10.54876705401873,10.875,11.079999923706055,11.247499942779541,11.005000114440918,9.729999542236328
2018-07-02,10.399999618530272,10.56999969482422,10.399999618530272,10.520000457763672,207300,0,0,0.0057361777627038535,2.1557377481678417,11.16999994913737,11.8515340990885,10.48846579918624,10.855000019073486,11.0649995803833,11.247499942779541,11.005000114440918,10.029999732971191
2018-07-03,10.520000457763672,10.619999885559082,10.5,10.550000190734863,91200,0,0,0.0028516855195621638,2.1618852342882655,11.137333297729493,11.840185417103132,10.434481178355853,10.794999599456787,11.0649995803833,11.247499942779541,11.005000114440918,10.029999732971191
2018-07-05,10.600000381469728,10.68000030517578,10.529999732971191,10.609999656677246,137700,0,0,0.005687153067075235,2.1741802065291127,11.109666633605958,11.827762154134906,10.39157111307701,10.699999809265137,11.0649995803833,11.27999997138977,11.005000114440918,10.010000228881836
2018-07-06,10.600000381469728,10.75,10.600000381469728,10.68000030517578,113300,0,0,0.006597610816554411,2.1885246013768476,11.088333320617675,11.818023408274307,10.358643232961043,10.62999963760376,11.0649995803833,11.292500019073486,11.005000114440918,9.93000030517578
2018-07-09,10.699999809265137,10.899999618530272,10.6899995803833,10.890000343322754,177700,0,0,0.019662924358270217,2.231557395069934,11.06966667175293,11.790046007970513,10.349287335535347,10.649999618530272,11.0649995803833,11.307499885559082,11.005000114440918,9.960000038146973
2018-07-10,10.869999885559082,10.899999618530272,10.600000381469728,10.68000030517578,164300,0,0,-0.019283749451462273,2.1885246013768476,11.043000030517579,11.759889320865666,10.326110740169492,10.649999618530272,11.0649995803833,11.257499933242798,11.005000114440918,9.6899995803833
2018-07-11,10.619999885559082,10.960000038146973,10.619999885559082,10.829999923706056,345700,0,0,0.01404490770075939,2.219262227404027,11.026666704813639,11.739909907531763,10.313423502095516,10.679999828338623,11.0649995803833,11.21999979019165,11.005000114440918,9.65999984741211
2018-07-12,10.890000343322754,10.90999984741211,10.449999809265137,10.56999969482422,279800,0,0,-0.02400740819145486,2.165983493226861,10.994666703542073,11.700862067346037,10.28847133973811,10.679999828338623,11.0649995803833,11.21999979019165,11.005000114440918,9.619999885559082
2018-07-13,10.550000190734863,10.579999923706056,10.369999885559082,10.510000228881836,154900,0,0,-0.005676392400632224,2.1536885209860133,10.967666721343994,11.683844945614926,10.251488497073062,10.664999961853027,11.049999713897705,11.229999780654907,11.005000114440918,9.649999618530272
2018-07-16,10.5,10.640000343322754,10.479999542236328,10.630000114440918,190100,0,0,0.011417686293604179,2.178278660892768,10.939333407084147,11.639371832762054,10.23929498140624,10.664999961853027,11.049999713897705,11.237499713897705,11.005000114440918,9.800000190734863
2018-07-17,10.65999984741211,10.789999961853027,10.630000114440918,10.630000114440918,110600,0,0,0.0,2.178278660892768,10.91400006612142,11.601949452391432,10.226050679851406,10.664999961853027,10.940000057220459,11.264999866485596,11.005000114440918,9.779999732971191
2018-07-18,10.600000381469728,10.81999969482422,10.600000381469728,10.8100004196167,514300,0,0,0.01693323642877953,2.2151639684654305,10.89333340326945,11.554951929848025,10.231714876690875,10.664999961853027,10.924999713897705,11.292499780654907,11.005000114440918,9.600000381469728
2018-07-19,10.789999961853027,10.899999618530272,10.720000267028809,10.760000228881836,109100,0,0,-0.004625364365770879,2.2049180279813507,10.869000085194905,11.493964571485499,10.244035598904311,10.664999961853027,10.924999713897705,11.297499895095825,11.005000114440918,9.81999969482422
2018-07-20,10.75,10.770000457763672,10.630000114440918,10.729999542236328,142100,0,0,-0.002788167844548939,2.1987703464358668,10.845666726430258,11.436670617723358,10.254662835137157,10.664999961853027,10.924999713897705,11.34749984741211,11.005000114440918,9.850000381469728
2018-07-23,10.729999542236328,11.0,10.729999542236328,10.899999618530272,123400,0,0,0.015843437422786044,2.233606426826701,10.826000054677328,11.36742695301994,10.284573156334716,10.684999942779541,10.924999713897705,11.367499828338623,11.005000114440918,9.899999618530272
2018-07-24,10.899999618530272,11.020000457763672,10.81999969482422,10.890000343322754,146000,0,0,-0.000917364730042669,2.2315573950699337,10.81300007502238,11.3284708635951,10.29752928644966,10.695000171661377,10.924999713897705,11.367499828338623,11.045000076293945,9.920000076293944
2018-07-25,10.850000381469728,10.859999656677246,10.649999618530272,10.75,125500,0,0,-0.012855862158773546,2.2028688007995227,10.798666731516521,11.296238151539367,10.301095311493675,10.695000171661377,10.84499979019165,11.367499828338623,11.074999809265137,9.90999984741211
2018-07-26,10.760000228881836,10.949999809265137,10.600000381469728,10.640000343322754,197500,0,0,-0.010232526202534564,2.1803278880745958,10.782000064849854,11.266122508973911,10.297877620725796,10.75,10.84000015258789,11.367499828338623,11.074999809265137,10.029999732971191
2018-07-27,10.3100004196167,10.4399995803833,9.760000228881836,9.8100004196167,663800,0,0,-0.07800750910942689,2.0102459404840793,10.734000078837077,11.30088532687194,10.167114830802214,10.390000343322754,10.474999904632568,11.367499828338623,11.074999809265137,10.109999656677246
2018-07-30,9.8100004196167,9.93000030517578,9.800000190734863,9.850000381469728,246700,0,0,0.004077467904388898,2.018442653786331,10.68500010172526,11.293150163423109,10.076850040027411,10.390000343322754,10.390000343322754,11.192500114440918,11.074999809265137,10.119999885559082
2018-07-31,9.869999885559082,9.869999885559082,9.510000228881836,9.710000038146973,332400,0,0,-0.014213232274196685,1.98975405951592,10.632333437601725,11.292836814207849,9.9718300609956,10.265000343322754,10.265000343322754,11.184999942779541,11.074999809265137,10.0
2018-08-01,9.710000038146973,9.949999809265137,9.68000030517578,9.90999984741211,183700,0,0,0.02059730262403825,2.030737626027178,10.588000106811524,11.257818293181952,9.918181920441096,10.265000343322754,10.265000343322754,11.184999942779541,11.074999809265137,10.06999969482422
2018-08-02,9.899999618530272,10.100000381469728,9.75,10.100000381469728,113400,0,0,0.019172607162777577,2.0696721607816686,10.55266679128011,11.209857760923292,9.895475821636929,10.265000343322754,10.265000343322754,11.09500002861023,11.074999809265137,10.0600004196167
2018-08-03,10.079999923706056,10.170000076293944,9.869999885559082,10.06999969482422,187000,0,0,-0.0029703649022181366,2.0635244792361846,10.526666768391927,11.196266084110944,9.85706745267291,10.265000343322754,10.265000343322754,11.037499904632568,11.074999809265137,10.109999656677246
2018-08-06,10.039999961853027,10.210000038146973,9.75,9.960000038146973,264000,0,0,-0.010923501490649024,2.0409835665112572,10.497000090281169,11.18515266532552,9.808847515236819,10.230000019073486,10.265000343322754,11.017499923706055,11.074999809265137,10.0600004196167
2018-08-07,9.93000030517578,9.9399995803833,9.710000038146973,9.729999542236328,289600,0,0,-0.023092419179692625,1.9938523184545152,10.463333415985108,11.197606924517634,9.729059907452582,10.230000019073486,10.265000343322754,10.977499961853027,11.074999809265137,9.93000030517578
2018-08-08,9.710000038146973,10.079999923706056,9.710000038146973,10.029999732971191,258100,0,0,0.03083249792896825,2.0553277659339324,10.444000085194906,11.192129350153863,9.69587082023595,9.974999904632568,10.265000343322754,10.959999799728394,11.074999809265137,10.06999969482422
2018-08-09,10.039999961853027,10.15999984741211,9.960000038146973,10.029999732971191,271600,0,0,0.0,2.0553277659339324,10.426666736602783,11.18805998140476,9.665273491800807,9.860000133514404,10.265000343322754,10.929999589920044,11.074999809265137,9.960000038146973
2018-08-10,10.039999961853027,10.100000381469728,9.93000030517578,10.010000228881836,169100,0,0,-0.0019939685565106835,2.051229506995337,10.40833339691162,11.182301738724863,9.634365055098378,9.860000133514404,10.265000343322754,10.882499694824219,11.074999809265137,9.729999542236328
2018-08-13,10.020000457763672,10.140000343322754,9.920000076293944,9.93000030517578,189800,0,0,-0.007992000187495796,2.0348360803908334,10.390666739145916,11.182968615178634,9.598364863113197,9.945000171661377,10.265000343322754,10.84749960899353,11.074999809265137,9.760000228881836
2018-08-14,9.93000030517578,10.039999961853027,9.93000030517578,9.960000038146973,264300,0,0,0.0030211210522881338,2.0409835665112577,10.372000058492025,11.177426160328869,9.566573956655182,9.960000038146973,10.265000343322754,10.857499599456787,11.074999809265137,9.920000076293944
2018-08-15,9.899999618530272,9.989999771118164,9.65999984741211,9.6899995803833,199800,0,0,-0.027108479591321788,1.985655605152264,10.343333371480306,11.181702519223151,9.50496422373746,9.934999942779541,10.265000343322754,10.857499599456787,11.074999809265137,9.760000228881836
2018-08-16,9.75,9.869999885559082,9.649999618530272,9.65999984741211,178700,0,0,-0.00309594780911282,1.9795081190318402,10.311666711171467,11.178450083823996,9.444883338518938,9.929999828338623,10.265000343322754,10.872499704360962,11.074999809265137,9.81999969482422
2018-08-17,9.649999618530272,9.760000228881836,9.579999923706056,9.619999885559082,156800,0,0,-0.004140782865927561,1.9713114057295886,10.276333363850911,11.166138702484483,9.38652802521734,9.869999885559082,10.265000343322754,10.872499704360962,11.074999809265137,9.850000381469728
2018-08-20,9.630000114440918,9.729999542236328,9.539999961853027,9.649999618530272,93500,0,0,0.003118475397928311,1.9774588918500118,10.23500000635783,11.12215541555671,9.347844597158948,9.849999904632568,10.265000343322754,10.857499837875366,11.09499979019165,9.68000030517578
2018-08-21,9.649999618530272,9.84000015258789,9.649999618530272,9.800000190734863,114800,0,0,0.015544101361056661,2.0081967133022514,10.205666669209798,11.090234060787592,9.321099277632003,9.849999904632568,10.265000343322754,10.857499837875366,11.09499979019165,9.600000381469728
2018-08-22,9.81999969482422,9.880000114440918,9.699999809265137,9.779999732971191,116900,0,0,-0.0020408629973885928,2.0040982589385954,10.17066666285197,11.036667962635,9.304665363068938,9.84000015258789,10.265000343322754,10.802500009536743,11.110000133514404,9.59000015258789
2018-08-23,9.789999961853027,9.8100004196167,9.529999732971191,9.600000381469728,177100,0,0,-0.018404842169333913,1.9672131467909937,10.13833335240682,11.014586181994584,9.262080522819055,9.835000038146973,10.265000343322754,10.794999837875366,11.125,9.40999984741211
2018-08-24,9.619999885559082,9.899999618530272,9.59000015258789,9.81999969482422,211200,0,0,0.02291659423046921,2.012294972240847,10.1153333346049,10.987595843474592,9.243070825735208,9.78499984741211,10.265000343322754,10.794999837875366,11.150000095367432,9.399999618530272
2018-08-27,9.779999732971191,9.880000114440918,9.670000076293944,9.850000381469728,152300,0,0,0.0030550598348104696,2.018442653786331,10.08933334350586,10.945132858010671,9.233533829001049,9.759999752044678,10.265000343322754,10.794999837875366,11.184999942779541,9.65999984741211
2018-08-28,9.880000114440918,9.90999984741211,9.829999923706056,9.899999618530272,323600,0,0,0.0050760644796119525,2.0286883988453495,10.064999993642171,10.899305071535792,9.23069491574855,9.71999979019165,10.265000343322754,10.804999828338623,11.184999942779541,9.739999771118164
2018-08-29,9.859999656677246,9.960000038146973,9.859999656677246,9.920000076293944,255600,0,0,0.002020248336801478,2.0327868532090054,10.035333315531412,10.823894551712884,9.24677207934994,9.744999885559082,10.230000019073486,10.809999942779541,11.184999942779541,9.539999961853027
2018-08-30,9.90999984741211,9.960000038146973,9.890000343322754,9.90999984741211,106000,0,0,-0.0010080875811414591,2.030737626027178,10.006999969482422,10.749397690747372,9.264602248217471,9.744999885559082,10.230000019073486,10.769999980926514,11.184999942779541,9.5
2018-08-31,9.899999618530272,10.09000015258789,9.890000343322754,10.029999732971191,241400,0,0,0.012108969465869146,2.0553277659339324,9.983666642506916,10.676353804617708,9.290979480396125,9.809999942779541,9.974999904632568,10.795000076293945,11.184999942779541,9.5
2018-09-04,10.0,10.149999618530272,9.970000267028809,10.109999656677246,108900,0,0,0.007976064390418092,2.0717211925384356,9.957333310445149,10.563917364647367,9.350749256242931,9.839999675750732,9.860000133514404,10.432500123977661,10.880000114440918,9.470000267028809
2018-09-05,10.109999656677246,10.140000343322754,10.050000190734863,10.119999885559082,118800,0,0,0.0009891423562247148,2.0737704197202635,9.931666628519695,10.435254635027155,9.428078622012235,9.839999675750732,9.860000133514404,10.390000343322754,10.880000114440918,9.329999923706056
2018-09-06,10.09000015258789,10.140000343322754,9.970000267028809,10.0,165800,0,0,-0.011857696335581758,2.0491802798135086,9.906666628519694,10.310430442581595,9.502902814457794,9.869999885559082,9.869999885559082,10.265000343322754,10.755000114440918,9.050000190734863
2018-09-07,10.0,10.130000114440918,9.9399995803833,10.06999969482422,110600,0,0,0.006999969482422097,2.063524479236184,9.887666606903077,10.194074180959031,9.581259032847122,9.909999847412108,9.869999885559082,10.265000343322754,10.755000114440918,9.25
2018-09-10,10.079999923706056,10.1899995803833,10.020000457763672,10.0600004196167,107000,0,0,-0.000992976714056959,2.0614754474794164,9.89599994023641,10.207038129257372,9.584961751215447,10.009999752044678,9.869999885559082,10.265000343322754,10.65500020980835,9.510000228881836
2018-09-11,10.029999732971191,10.18000030517578,10.0,10.109999656677246,160500,0,0,0.004970102880219596,2.0717211925384356,9.904666582743326,10.224404746984474,9.584928418502178,10.024999618530273,9.869999885559082,10.265000343322754,10.619999885559082,9.630000114440918
2018-09-12,10.119999885559082,10.170000076293944,10.0,10.0600004196167,205200,0,0,-0.004945523121509199,2.061475447479416,9.91633326212565,10.232352167378172,9.60031435687313,10.039999961853027,9.859999656677246,10.24750018119812,10.619999885559082,9.539999961853027
2018-09-13,10.06999969482422,10.119999885559082,9.90999984741211,9.93000030517578,200300,0,0,-0.012922476045569842,2.034836080390833,9.916999944051106,10.23304679524752,9.600953092854693,10.039999961853027,9.859999656677246,10.24750018119812,10.619999885559082,9.380000114440918
2018-09-14,9.920000076293944,10.140000343322754,9.920000076293944,10.06999969482422,124200,0,0,0.014098628937148083,2.063524479236184,9.915999921162923,10.22992080198748,9.602079040338365,10.049999713897705,9.859999656677246,10.120000123977661,10.619999885559082,9.1899995803833
2018-09-17,10.100000381469728,10.100000381469728,9.90999984741211,9.960000038146973,141400,0,0,-0.010923501490649024,2.040983566511257,9.91233326594035,10.221538258026863,9.603128273853835,10.049999713897705,9.859999656677246,10.062500238418579,10.619999885559082,9.06999969482422
2018-09-18,10.010000228881836,10.029999732971191,9.6899995803833,9.729999542236328,218100,0,0,-0.023092419179692625,1.9938523184545147,9.904666582743326,10.220066586122398,9.589266579364255,9.9399995803833,9.859999656677246,10.062500238418579,10.619999885559082,8.670000076293945
2018-09-19,9.75,9.84000015258789,9.699999809265137,9.760000228881836,242600,0,0,0.003083318402563151,1.9999999999999987,9.905666605631511,10.219041949112938,9.592291262150084,9.9399995803833,9.859999656677246,10.105000257492065,10.619999885559082,8.930000305175781
2018-09-20,9.8100004196167,10.0,9.8100004196167,9.920000076293944,133200,0,0,0.01639342660450316,2.032786853209005,9.901999950408936,10.212048480652014,9.591951420165858,9.9399995803833,9.859999656677246,10.112500190734863,10.619999885559082,9.109999656677246
2018-09-21,9.899999618530272,10.029999732971191,9.729999542236328,9.760000228881836,486500,0,0,-0.016129016752173486,1.999999999999999,9.892999966939291,10.20333675542737,9.582663178451211,9.934999942779541,9.859999656677246,10.100000143051147,10.619999885559082,9.619999885559082
2018-09-24,9.729999542236328,9.859999656677246,9.68000030517578,9.81999969482422,155400,0,0,0.006147486120423817,2.0122949722408463,9.886666615804037,10.194955560890659,9.578377670717416,9.925000190734862,9.859999656677246,10.097500085830688,10.619999885559082,10.0
2018-09-25,9.8100004196167,9.899999618530272,9.789999961853027,9.850000381469728,128300,0,0,0.0030550598348104696,2.0184426537863303,9.8839999516805,10.192128423698614,9.575871479662387,9.910000324249268,9.859999656677246,10.067500114440918,10.619999885559082,10.5
2018-09-26,9.850000381469728,10.010000228881836,9.670000076293944,9.68000030517578,172300,0,0,-0.017258890325909104,1.983606573395495,9.874666627248128,10.189856470426719,9.559476784069538,9.90500020980835,9.859999656677246,10.057500123977661,10.619999885559082,10.5600004196167
2018-09-27,9.6899995803833,9.729999542236328,9.56999969482422,9.600000381469728,92900,0,0,-0.008264454667762378,1.9672131467909926,9.871666653951008,10.19537190423945,9.547961403662567,9.835000038146974,9.859999656677246,10.057500123977661,10.619999885559082,10.350000381469728
2018-09-28,9.56999969482422,9.630000114440918,9.460000038146973,9.59000015258789,212600,0,0,-0.0010416904671316507,1.9651639196091644,9.869333330790202,10.199996342659258,9.538670318921145,9.744999885559082,9.824999809265137,10.052500247955322,10.510000228881836,10.100000381469728
2018-10-01,9.640000343322754,9.670000076293944,9.390000343322754,9.40999984741211,150900,0,0,-0.018769583139913504,1.9282786120365019,9.862333329518636,10.221300375756142,9.50336628328113,9.710000038146973,9.789999961853027,10.050000190734863,10.494999885559082,10.4399995803833
2018-10-02,9.399999618530272,9.470000267028809,9.34000015258789,9.399999618530272,94000,0,0,-0.00106272359659898,1.9262293848546734,9.853999996185303,10.242490005242612,9.465509987127994,9.684999942779541,9.764999866485596,10.025000095367432,10.494999885559082,10.520000457763672
2018-10-03,9.40999984741211,9.729999542236328,9.34000015258789,9.65999984741211,100500,0,0,0.02765959993969558,1.9795081190318395,9.849333318074544,10.243588658222034,9.455077977927054,9.684999942779541,9.764999866485596,10.012500047683716,10.494999885559082,10.6899995803833
2018-10-04,9.68000030517578,9.869999885559082,9.5600004196167,9.739999771118164,152900,0,0,0.008281565731855123,1.9959015456363427,9.847999986012777,10.243445205152133,9.452554766873421,9.675000190734863,9.764999866485596,9.992500066757202,10.494999885559082,10.520000457763672
2018-10-05,9.789999961853027,9.800000190734863,9.529999732971191,9.539999961853027,110800,0,0,-0.020533861803384457,1.9549179791250846,9.845999972025554,10.246974057829615,9.445025886221494,9.675000190734863,9.764999866485596,9.987499952316284,10.494999885559082,10.449999809265137
2018-10-08,9.539999961853027,9.600000381469728,9.399999618530272,9.5,92500,0,0,-0.004192868135531769,1.9467212658228328,9.835333315531413,10.254972635417568,9.415693995645258,9.675000190734863,9.764999866485596,9.987499952316284,10.414999961853027,10.449999809265137
2018-10-09,9.520000457763672,9.609999656677246,9.470000267028809,9.5,146400,0,0,0.0,1.9467212658228328,9.823666636149088,10.260042246263865,9.387291026034312,9.605000019073486,9.764999866485596,9.892499923706055,10.410000324249268,10.229999542236328
2018-10-10,9.5,9.739999771118164,9.460000038146973,9.470000267028809,213800,0,0,-0.0031578666285464463,1.9405737797024092,9.809333324432373,10.2625491340568,9.356117514807947,9.605000019073486,9.764999866485596,9.849999904632568,10.349999904632568,10.34000015258789
2018-10-11,9.449999809265137,9.710000038146973,9.329999923706056,9.329999923706056,135400,0,0,-0.014783562764003721,1.9118851854319987,9.789666652679443,10.272037112024446,9.307296193334441,9.599999904632568,9.759999752044678,9.849999904632568,10.265000343322754,10.210000038146973
2018-10-12,9.43000030517578,9.4399995803833,8.84000015258789,9.050000190734863,273400,0,0,-0.030010689738566687,1.854508192316237,9.760999997456869,10.30869692910193,9.213303065811807,9.355000019073486,9.514999866485596,9.869999885559082,10.265000343322754,10.130000114440918
2018-10-15,9.0600004196167,9.3100004196167,9.010000228881836,9.25,155900,0,0,0.022099425972376352,1.895491758827495,9.73500000635783,10.302706198492723,9.167293814222935,9.355000019073486,9.514999866485596,9.889999866485596,10.265000343322754,9.789999961853027
2018-10-16,9.289999961853027,9.529999732971191,9.149999618530272,9.510000228881836,151000,0,0,0.02810813285209046,1.948770493004661,9.715000025431316,10.270678449174753,9.159321601687878,9.355000019073486,9.510000228881836,9.93999981880188,10.265000343322754,9.899999618530272
2018-10-17,9.460000038146973,9.649999618530272,9.380000114440918,9.630000114440918,146000,0,0,0.012618284192532636,1.9733606329114157,9.698666699727376,10.234341225468311,9.16299217398644,9.320000171661377,9.505000114440918,9.947499752044678,10.265000343322754,9.869999885559082
2018-10-18,9.59000015258789,9.640000343322754,9.520000457763672,9.539999961853027,140000,0,0,-0.009345810126515808,1.9549179791250846,9.683333365122477,10.209944567616073,9.156722162628881,9.289999961853027,9.490000247955322,9.949999809265137,10.265000343322754,9.829999923706056
2018-10-19,9.510000228881836,9.600000381469728,9.359999656677246,9.380000114440918,197900,0,0,-0.016771472542126853,1.922131125916078,9.6603333791097,10.177634201674309,9.14303255654509,9.289999961853027,9.490000247955322,9.949999809265137,10.265000343322754,9.6899995803833
2018-10-22,9.369999885559082,9.470000267028809,9.109999656677246,9.1899995803833,114700,0,0,-0.02025592022809286,1.8831965911615876,9.631333351135254,10.15325494772375,9.109411754546757,9.289999961853027,9.470000267028809,9.954999685287476,10.265000343322754,9.90999984741211
2018-10-23,9.079999923706056,9.270000457763672,8.90999984741211,9.06999969482422,183000,0,0,-0.013057659525385401,1.858606451254833,9.596666685740153,10.124885483137554,9.068447888342753,9.275000095367432,9.434999942779541,9.954999685287476,10.265000343322754,9.829999923706056
2018-10-24,9.09000015258789,9.539999961853027,8.640000343322754,8.670000076293945,178300,0,0,-0.044101392722045385,1.7766393182323166,9.550333340962728,10.146821410395468,8.953845271529989,9.144999980926514,9.335000038146973,9.899999618530273,10.265000343322754,9.949999809265137
2018-10-25,8.720000267028809,8.970000267028809,8.710000038146973,8.930000305175781,123300,0,0,0.029988492110022635,1.8299180524094825,9.517000007629395,10.136082530665044,8.897917484593746,9.144999980926514,9.335000038146973,9.899999618530273,10.265000343322754,9.880000114440918
2018-10-26,9.15999984741211,9.699999809265137,8.680000305175781,9.109999656677246,374700,0,0,0.02015670160695726,1.8668031645570848,9.48500000635783,10.085522243123107,8.884477769592552,9.170000076293945,9.335000038146973,9.899999618530273,10.265000343322754,9.229999542236328
2018-10-29,9.170000076293944,9.720000267028809,9.119999885559082,9.619999885559082,232900,0,0,0.05598246411656316,1.9713114057295884,9.473666667938232,10.050418293459643,8.896915042416822,9.180000305175781,9.325000286102295,9.897499799728394,10.265000343322754,9.220000267028809
2018-10-30,9.649999618530272,10.050000190734863,9.649999618530272,10.0,271800,0,0,0.03950105186709507,2.049180279813509,9.48266668319702,10.082928217575017,8.882405148819025,9.345000267028809,9.345000267028809,9.892499923706055,10.265000343322754,9.1899995803833
2018-10-31,10.100000381469728,10.520000457763672,10.0600004196167,10.5,249200,0,0,0.050000000000000044,2.1516392938041844,9.507333342234293,10.203615055971271,8.811051628497315,9.580000400543213,9.580000400543213,9.884999990463257,10.265000343322754,8.760000228881836
2018-11-01,10.5,10.630000114440918,10.390000343322754,10.5600004196167,166000,0,0,0.0057143256777809626,2.163934461470092,9.528666687011718,10.30791687103055,8.749416502992887,9.635000228881836,9.635000228881836,9.882499933242798,10.265000343322754,8.65999984741211
2018-11-02,10.5600004196167,10.75,10.289999961853027,10.350000381469728,107300,0,0,-0.019886366458553018,2.1209016677770065,9.548333358764648,10.377770984335559,8.718895733193737,9.695000171661377,9.695000171661377,9.84749984741211,10.265000343322754,8.850000381469727
2018-11-05,10.369999885559082,10.479999542236328,9.970000267028809,10.100000381469728,175600,0,0,-0.024154588481715478,2.069672160781669,9.557666714986166,10.405109441940933,8.710223988031398,9.695000171661377,9.695000171661377,9.78499984741211,10.240000247955322,8.449999809265137
2018-11-06,10.039999961853027,10.460000038146973,10.039999961853027,10.4399995803833,153100,0,0,0.03366328574970767,2.1393441261382775,9.577333354949952,10.47646072134767,8.678205988552232,9.71500015258789,9.695000171661377,9.75,10.205000400543213,8.300000190734863
2018-11-07,10.4399995803833,10.59000015258789,10.350000381469728,10.520000457763672,135300,0,0,0.007662919597304585,2.155737748167841,9.605333360036214,10.56535044335287,8.645316276719559,9.71500015258789,9.695000171661377,9.724999904632568,10.180000305175781,8.270000457763672
2018-11-08,10.5,10.6899995803833,10.460000038146973,10.6899995803833,98600,0,0,0.016159611713150834,2.1905736331336154,9.641666666666667,10.677153350811592,8.606179982521743,9.934999942779541,9.695000171661377,9.724999904632568,10.180000305175781,8.050000190734863
2018-11-09,10.640000343322754,10.75,10.40999984741211,10.520000457763672,125800,0,0,-0.01590263136507375,2.1557377481678413,9.672666676839192,10.754450314892974,8.59088303878541,10.199999809265137,9.695000171661377,9.72000002861023,10.180000305175781,7.760000228881836
2018-11-12,10.520000457763672,10.59000015258789,10.449999809265137,10.449999809265137,98800,0,0,-0.006654053750242528,2.1413933533201055,9.707333342234294,10.819261530021166,8.595405154447423,10.360000133514404,9.695000171661377,9.72000002861023,10.144999980926514,7.880000114440918
2018-11-13,10.470000267028809,10.59000015258789,10.34000015258789,10.449999809265137,91100,0,0,0.0,2.1413933533201055,9.742333348592123,10.879024842188954,8.60564185499529,10.360000133514404,9.695000171661377,9.72000002861023,10.144999980926514,7.920000076293945
2018-11-14,10.520000457763672,10.539999961853027,10.149999618530272,10.229999542236328,134100,0,0,-0.021052657516199447,2.0963113324451914,9.761333338419597,10.91078472028476,8.611881956554434,10.360000133514404,9.695000171661377,9.684999942779541,9.889999866485596,7.670000076293945
2018-11-15,10.15999984741211,10.359999656677246,10.0600004196167,10.34000015258789,99700,0,0,0.010752748316107619,2.118852440595179,9.781333351135254,10.94921454929899,8.613452152971519,10.360000133514404,9.695000171661377,9.684999942779541,9.775000095367432,8.140000343322754
2018-11-16,10.279999732971191,10.380000114440918,10.050000190734863,10.210000038146973,214200,0,0,-0.012572544731382918,2.092213073506596,9.803666687011718,10.977800808585643,8.629532565437794,10.394999980926514,9.695000171661377,9.679999828338623,9.769999980926514,7.849999904632568
2018-11-19,10.15999984741211,10.359999656677246,10.09000015258789,10.130000114440918,86700,0,0,-0.007835447934099515,2.075819646902093,9.824666690826415,10.99886004531271,8.65047333634012,10.400000095367432,9.695000171661377,9.434999942779541,9.525000095367432,7.949999809265137
2018-11-20,10.0600004196167,10.09000015258789,9.68000030517578,9.789999961853027,108400,0,0,-0.033563686944405924,2.006147486120424,9.834333356221517,11.002474840936273,8.666191871506761,10.21500015258789,9.695000171661377,9.434999942779541,9.525000095367432,7.960000038146973
2018-11-21,9.8100004196167,10.039999961853027,9.770000457763672,9.899999618530272,79200,0,0,0.011235920031242186,2.0286883988453503,9.848666667938232,11.009151717060483,8.688181618815982,10.21500015258789,9.695000171661377,9.432500123977661,9.525000095367432,8.239999771118164
2018-11-23,9.829999923706056,10.020000457763672,9.68000030517578,9.869999885559082,51300,0,0,-0.00303027617445939,2.022540912724927,9.866666666666667,11.011158726220346,8.722174607112988,10.135000228881836,9.695000171661377,9.412500143051147,9.525000095367432,8.109999656677246
2018-11-26,9.949999809265137,10.050000190734863,9.8100004196167,9.829999923706056,127500,0,0,-0.00405268108579715,2.0143441994226756,9.892666657765707,10.996751937153821,8.788581378377593,10.135000228881836,9.695000171661377,9.390000104904175,9.514999866485596,8.449999809265137
2018-11-27,9.789999961853027,9.84000015258789,9.529999732971191,9.6899995803833,131000,0,0,-0.014242151008071802,1.9856556051522645,9.90733331044515,10.988479957671556,8.826186663218744,10.03499984741211,9.695000171661377,9.390000104904175,9.514999866485596,8.529999732971191
2018-11-28,9.6899995803833,9.989999771118164,9.5600004196167,9.90999984741211,131300,0,0,0.022703846909775116,2.0307376260271783,9.920666631062826,10.991768477478882,8.84956478464677,9.954999923706055,9.695000171661377,9.380000114440918,9.514999866485596,8.5600004196167
2018-11-29,9.850000381469728,9.93000030517578,9.720000267028809,9.829999923706056,116900,0,0,-0.008072646310579357,2.014344199422675,9.927333291371664,10.993625740252732,8.861040842490596,9.954999923706055,9.695000171661377,9.355000019073486,9.514999866485596,8.720000267028809
2018-11-30,9.789999961853027,9.989999771118164,9.789999961853027,9.949999809265137,166100,0,0,0.012207516428325516,2.0389343393294297,9.940999952952067,10.997613147183289,8.884386758720845,9.944999694824219,9.71500015258789,9.240000009536743,9.414999961853027,8.529999732971191
2018-12-03,10.0,10.079999923706056,9.789999961853027,9.880000114440918,139500,0,0,-0.007035145343323279,2.0245901399067545,9.957666619618733,10.994068909896946,8.92126432934052,9.809999942779541,9.71500015258789,9.240000009536743,9.414999961853027,8.479999542236328
2018-12-04,9.829999923706056,9.829999923706056,9.199999809265137,9.229999542236328,204400,0,0,-0.06578953083760886,1.8913933044638402,9.958999951680502,10.991569191640236,8.926430711720768,9.639999866485596,9.934999942779541,9.252500057220459,9.414999961853027,8.350000381469727
2018-12-06,9.170000076293944,9.34000015258789,8.989999771118164,9.220000267028809,207000,0,0,-0.0010833451466344401,1.8893442727070724,9.963999970753987,10.980735353835788,8.947264587672185,9.53499984741211,9.869999885559082,9.252500295639038,9.414999961853027,8.420000076293945
2018-12-07,9.199999809265137,9.59000015258789,8.270000457763672,9.1899995803833,165600,0,0,-0.003253870474688836,1.8831965911615884,9.981333287556966,10.924787125335541,9.03787944977839,9.175000190734863,9.510000228881836,9.345000267028809,9.414999961853027,8.5600004196167
2018-12-10,9.18000030517578,9.210000038146973,8.75,8.760000228881836,129300,0,0,-0.04678992068936849,1.7950819720186486,9.975666618347168,10.945799272887555,9.00553396380678,9.175000190734863,9.510000228881836,9.580000400543213,9.580000400543213,8.539999961853027
2018-12-11,8.859999656677246,9.020000457763672,8.609999656677246,8.65999984741211,199000,0,0,-0.011415568362661,1.7745900910504895,9.960666624704997,10.995217110609138,8.926116138800856,9.175000190734863,9.510000228881836,9.635000228881836,9.635000228881836,8.550000190734863
2018-12-12,8.800000190734863,9.020000457763672,8.680000305175781,8.850000381469727,112500,0,0,0.021940015866674045,1.8135246258049798,9.934999974568685,11.037594257732968,8.832405691404402,9.175000190734863,9.510000228881836,9.695000171661377,9.695000171661377,8.670000076293945
2018-12-13,8.84000015258789,9.09000015258789,8.4399995803833,8.449999809265137,246700,0,0,-0.045197802820677535,1.7315572973574032,9.883333301544189,11.106717890312252,8.659948712776126,9.175000190734863,9.510000228881836,9.695000171661377,9.695000171661377,8.600000381469727
2018-12-14,8.380000114440918,8.539999961853027,8.289999961853027,8.300000190734863,136200,0,0,-0.017751434546282918,1.7008196713302246,9.809999974568685,11.135524561577553,8.484475387559817,9.175000190734863,9.510000228881836,9.705000162124634,9.695000171661377,8.930000305175781
2018-12-17,8.239999771118164,8.510000228881836,8.220000267028809,8.270000457763672,201500,0,0,-0.003614425576119795,1.694672185209801,9.733666642506916,11.138482906201162,8.328850378812671,9.025000095367432,9.485000133514404,9.705000162124634,9.695000171661377,8.739999771118164
2018-12-18,8.270000457763672,8.369999885559082,7.96999979019165,8.050000190734863,226800,0,0,-0.026602207358075503,1.649590164334887,9.656999969482422,11.165424154629354,8.14857578433549,8.77999997138977,9.359999895095825,9.815000057220459,9.695000171661377,8.550000190734863
2018-12-19,8.050000190734863,8.149999618530273,7.75,7.760000228881836,382000,0,0,-0.03602483912817822,1.5901639440372974,9.578999964396159,11.22273723488351,7.9352626939088085,8.670000076293945,9.170000076293945,9.947499990463257,9.695000171661377,8.520000457763672
2018-12-20,7.710000038146973,8.020000457763672,7.710000038146973,7.880000114440918,440500,0,0,0.015463902322123246,1.6147540839440524,9.493666648864746,11.213293638006798,7.774039659722694,8.460000038146973,9.150000095367432,10.02750015258789,9.695000171661377,8.539999961853027
2018-12-21,7.909999847412109,8.079999923706055,7.869999885559082,7.920000076293945,603600,0,0,0.005076137217272736,1.622950797246304,9.406999969482422,11.172156988026332,7.641842950938512,8.400000095367432,9.125,10.02750015258789,9.695000171661377,8.479999542236328
2018-12-24,7.849999904632568,7.880000114440918,7.639999866485596,7.670000076293945,145900,0,0,-0.03156565626158225,1.5717212902509663,9.30633331934611,11.111086104056149,7.501580534636073,8.365000009536743,9.009999990463257,10.02750015258789,9.695000171661377,8.619999885559082
2018-12-26,7.730000019073486,8.15999984741211,7.639999866485596,8.140000343322754,258900,0,0,0.0612777395506765,1.6680328181212183,9.226999982198079,11.020654734914256,7.433345229481902,8.365000009536743,9.009999990463257,10.02750015258789,9.695000171661377,8.630000114440918
2018-12-27,7.980000019073486,8.5600004196167,7.699999809265137,7.849999904632568,279000,0,0,-0.035626588017047545,1.6086065001110987,9.140333318710328,10.940441192892308,7.340225444528346,8.100000143051147,8.999999761581421,10.045000076293945,9.695000171661377,8.710000038146973
2018-12-28,7.869999885559082,8.130000114440918,7.820000171661377,7.949999809265137,225700,0,0,0.012738841509227994,1.629098283366728,9.056999985376994,10.838367680756967,7.275632289997019,8.100000143051147,8.865000009536743,10.047500133514404,9.695000171661377,8.75
2018-12-31,8.020000457763672,8.380000114440918,7.809999942779541,7.960000038146973,236200,0,0,0.0012578904555671233,1.6311475105485558,8.981333335240683,10.749853660668766,7.212813009812599,8.100000143051147,8.859999895095825,9.955000162124634,9.695000171661377,8.699999809265137
2019-01-02,7.829999923706055,8.239999771118164,7.829999923706055,8.239999771118164,259800,0,0,0.03517584568207788,1.6885245036643173,8.911333322525024,10.624943085755685,7.197723559294364,8.100000143051147,8.859999895095825,9.955000162124634,9.695000171661377,8.569999694824219
2019-01-03,8.1899995803833,8.300000190734863,8.039999961853027,8.109999656677246,328200,0,0,-0.015776713355815652,1.6618851365757346,8.841333309809366,10.50825710584738,7.174409513771353,8.100000143051147,8.859999895095825,9.915000200271606,9.695000171661377,8.529999732971191
2019-01-04,8.229999542236328,8.5,8.09000015258789,8.449999809265137,193900,0,0,0.04192357176093786,1.7315572973574034,8.785333299636841,10.387354714078727,7.183311885194955,8.100000143051147,8.859999895095825,9.915000200271606,9.695000171661377,8.569999694824219
2019-01-07,8.359999656677246,8.609999656677246,8.350000381469727,8.529999732971191,278700,0,0,0.009467446806133317,1.7479507239619065,8.743333292007446,10.303586627403513,7.183079956611379,8.124999761581421,8.859999895095825,9.865000009536743,9.695000171661377,8.609999656677246
2019-01-08,8.59000015258789,8.600000381469727,8.430000305175781,8.5600004196167,132500,0,0,0.0035170794354828505,1.7540984055073903,8.698666652043661,10.199895147876196,7.197438156211126,8.124999761581421,8.859999895095825,9.825000047683716,9.695000171661377,8.609999656677246
2019-01-09,8.600000381469727,8.739999771118164,8.470000267028809,8.720000267028809,149600,0,0,0.01869157004308586,1.7868852587163968,8.660333331425985,10.097746752160532,7.222919910691438,8.21999979019165,8.859999895095825,9.825000047683716,9.695000171661377,8.729999542236328
2019-01-10,8.680000305175781,8.680000305175781,8.449999809265137,8.529999732971191,103800,0,0,-0.021789051403590887,1.7479507239619065,8.616999991734822,9.98802578244447,7.245974201025174,8.274999856948853,8.859999895095825,9.829999923706055,9.695000171661377,9.079999923706056
2019-01-11,8.460000038146973,8.550000190734863,8.369999885559082,8.479999542236328,158500,0,0,-0.0058616872567529565,1.737704783477827,8.576666657129923,9.889380591302293,7.263952722957554,8.274999856948853,8.734999895095825,9.762500047683716,9.695000171661377,9.130000114440918
2019-01-14,8.420000076293945,8.520000457763672,8.329999923706055,8.350000381469727,119600,0,0,-0.015330090540584873,1.7110656118143044,8.524666674931844,9.74277077673437,7.306562573129319,8.28499984741211,8.615000009536743,9.787499904632568,9.695000171661377,9.199999809265137
2019-01-15,8.34000015258789,8.5,8.289999961853027,8.420000076293945,114900,0,0,0.008383196601950083,1.7254098112369798,8.477666680018107,9.596030173367842,7.359303186668372,8.389999866485596,8.615000009536743,9.702499866485596,9.695000171661377,9.390000343322754
2019-01-16,8.460000038146973,8.680000305175781,8.449999809265137,8.5600004196167,114800,0,0,0.016627119008812974,1.7540984055073905,8.431333367029826,9.409056174398403,7.453610559661248,8.414999961853027,8.424999952316284,9.34250020980835,9.510000228881836,9.399999618530272
2019-01-17,8.529999732971191,8.600000381469727,8.470000267028809,8.539999961853027,109200,0,0,-0.002336501960658488,1.7499999511437345,8.386666695276896,9.206162500200762,7.5671708903530295,8.514999866485596,8.365000009536743,9.34250020980835,9.510000228881836,9.170000076293944
2019-01-18,8.539999961853027,8.760000228881836,8.529999732971191,8.550000190734863,126700,0,0,0.0011709869937359674,1.7520491783255625,8.364000050226847,9.12482347456279,7.603176625890905,8.525000095367432,8.365000009536743,9.34250020980835,9.510000228881836,9.119999885559082
2019-01-22,8.489999771118164,8.720000267028809,8.489999771118164,8.670000076293945,190000,0,0,0.014035074021298666,1.7766393182323172,8.345666710535685,9.047703454901376,7.643629966169995,8.525000095367432,8.365000009536743,9.34250020980835,9.510000228881836,9.06999969482422
2019-01-23,8.670000076293945,8.760000228881836,8.550000190734863,8.600000381469727,126100,0,0,-0.00807378249229962,1.762295118809642,8.326000070571899,8.962750013467442,7.689250127676357,8.525000095367432,8.200000047683716,9.34250020980835,9.510000228881836,9.279999732971191
2019-01-24,8.569999694824219,9.010000228881836,8.569999694824219,8.930000305175781,154400,0,0,0.038372082449798395,1.829918052409483,8.331666739781697,8.98641735710629,7.676916122457104,8.650000095367432,8.325000047683716,9.34250020980835,9.510000228881836,9.4399995803833
2019-01-25,8.760000228881836,8.84000015258789,8.170000076293945,8.739999771118164,302800,0,0,-0.021276654822452112,1.7909835176549924,8.334333403905232,8.994997415002043,7.673669392808421,8.59000015258789,8.325000047683716,9.255000114440918,9.485000133514404,9.43000030517578
2019-01-28,8.569999694824219,8.65999984741211,8.4399995803833,8.550000190734863,145200,0,0,-0.02173908299301852,1.7520491783255623,8.324333397547404,8.96231129803715,7.686355497057658,8.59000015258789,8.325000047683716,9.069999933242798,9.359999895095825,8.949999809265137
2019-01-29,8.5,8.609999656677246,8.5,8.520000457763672,184300,0,0,-0.003508740620111417,1.7459016922051385,8.326666752497355,8.966958765568014,7.686374739426695,8.59000015258789,8.325000047683716,8.920000076293945,9.25,8.609999656677246
2019-01-30,8.550000190734863,8.649999618530273,8.470000267028809,8.539999961853027,422200,0,0,0.0023473595087817323,1.7499999511437343,8.334666744867961,8.979379181123454,7.689954308612468,8.59000015258789,8.325000047683716,8.805000066757202,9.230000019073486,8.65999984741211
2019-01-31,8.460000038146973,8.579999923706055,8.300000190734863,8.479999542236328,163000,0,0,-0.007025810290949952,1.7377047834778268,8.341666714350383,8.98796649612577,7.695366932574997,8.59000015258789,8.325000047683716,8.762500047683716,9.230000019073486,8.75
2019-02-01,8.5,8.619999885559082,8.470000267028809,8.619999885559082,85700,0,0,0.016509475339645308,1.7663933777482377,8.360666704177856,9.00507496415243,7.716258444203282,8.59000015258789,8.325000047683716,8.6875,9.194999933242798,8.600000381469727
2019-02-04,8.569999694824219,8.670000076293945,8.529999732971191,8.630000114440918,147100,0,0,0.00116011937524374,1.7684426049300657,8.38966670036316,9.001004860751314,7.778328539975005,8.59000015258789,8.355000019073486,8.6875,9.194999933242798,8.760000228881836
2019-02-05,8.680000305175781,8.800000190734863,8.649999618530273,8.710000038146973,150400,0,0,0.009269979449036958,1.7848360315345688,8.417333364486694,9.00883600421649,7.825830724756899,8.59000015258789,8.410000085830688,8.549999952316284,9.194999933242798,8.84000015258789
2019-02-06,8.6899995803833,8.779999732971191,8.609999656677246,8.75,112000,0,0,0.004592418103081641,1.7930327448368206,8.44500002861023,9.018348502469443,7.871651554751015,8.505000114440918,8.410000085830688,8.482500076293945,9.194999933242798,8.800000190734863
2019-02-07,8.760000228881836,8.890000343322754,8.670000076293945,8.699999809265137,65100,0,0,-0.00571430751255575,1.782786804352741,8.479333353042602,8.982417389524255,7.976249316560948,8.595000267028809,8.420000076293945,8.480000019073486,9.194999933242798,8.739999771118164
2019-02-08,8.65999984741211,8.680000305175781,8.520000457763672,8.569999694824219,157200,0,0,-0.014942542217354249,1.7561474372641581,8.493666664759319,8.981634549157947,8.00569878036069,8.595000267028809,8.525000095367432,8.480000019073486,9.194999933242798,8.609999656677246
2019-02-11,8.59000015258789,8.59000015258789,8.470000267028809,8.529999732971191,86300,0,0,-0.004667440289080171,1.7479507239619065,8.516333325703938,8.942200598357958,8.090466053049918,8.595000267028809,8.550000190734863,8.480000019073486,9.194999933242798,8.220000267028809
2019-02-12,8.539999961853027,8.6899995803833,8.489999771118164,8.569999694824219,107900,0,0,0.00468932744492534,1.7561474372641581,8.536999988555909,8.907890581016378,8.16610939609544,8.595000267028809,8.59000015258789,8.480000019073486,9.194999933242798,8.15999984741211
2019-02-13,8.569999694824219,8.649999618530273,8.529999732971191,8.609999656677246,102100,0,0,0.004667440289080282,1.76434415056641,8.558666642506918,8.86247150952941,8.254861775484425,8.680000305175781,8.59000015258789,8.492499828338623,9.194999933242798,7.760000228881836
2019-02-14,8.5600004196167,8.75,8.520000457763672,8.609999656677246,99500,0,0,0.0,1.76434415056641,8.570999972025554,8.851338925771348,8.29066101827976,8.680000305175781,8.59000015258789,8.492499828338623,9.194999933242798,7.820000171661377
2019-02-15,8.670000076293945,8.819999694824219,8.65999984741211,8.729999542236328,142400,0,0,0.013937269494084026,1.7889342904731647,8.591666634877523,8.81989681447376,8.363436455281287,8.680000305175781,8.59000015258789,8.539999842643738,9.194999933242798,8.050000190734863
2019-02-19,8.670000076293945,9.119999885559082,8.670000076293945,9.079999923706056,152700,0,0,0.040091683828435754,1.860655678436662,8.61266663869222,8.894211768597444,8.331121508786996,8.795000076293945,8.644999980926514,8.567499876022339,9.194999933242798,8.0600004196167
2019-02-20,9.079999923706056,9.1899995803833,9.0600004196167,9.130000114440918,96900,0,0,0.005506628981826411,1.870901618920741,8.632666651407877,8.967668070892454,8.2976652319233,8.829999923706055,8.679999828338623,8.504999876022339,9.194999933242798,8.170000076293945
2019-02-21,9.130000114440918,9.199999809265137,9.020000457763672,9.199999809265137,67100,0,0,0.0076669982417088,1.8852458183434164,8.653999964396158,9.044327009052992,8.263672919739324,8.835000038146973,8.684999942779541,8.449999928474426,9.194999933242798,8.079999923706055
2019-02-22,9.199999809265137,9.390000343322754,9.1899995803833,9.390000343322754,85400,0,0,0.02065223239094749,1.9241803530979067,8.676333300272624,9.147028495255025,8.205638105290223,8.930000305175781,8.78000020980835,8.50249993801117,9.194999933242798,8.3100004196167
2019-02-25,9.4399995803833,9.470000267028809,9.380000114440918,9.399999618530272,114000,0,0,0.0010648854996717638,1.9262293848546739,8.705333296457926,9.238951335497745,8.171715257418107,8.980000019073486,8.820000171661377,8.419999957084656,9.194999933242798,8.1899995803833
2019-02-26,9.390000343322754,9.479999542236328,9.170000076293944,9.170000076293944,122900,0,0,-0.024468037401079168,1.879098332222992,8.728333314259848,9.28016828925001,8.176498339269685,9.0,8.824999809265137,8.43999993801117,9.194999933242798,8.34000015258789
2019-02-27,9.15999984741211,9.229999542236328,9.06999969482422,9.119999885559082,76000,0,0,-0.005452583458981697,1.8688523917389128,8.75399996439616,9.304693944422969,8.20330598436935,9.0,8.824999809265137,8.445000052452087,9.194999933242798,8.4399995803833
2019-02-28,9.119999885559082,9.210000038146973,9.050000190734863,9.06999969482422,151700,0,0,-0.005482477123057161,1.8586064512548335,8.775666618347168,9.323250728476712,8.228082508217625,9.069999694824219,8.824999809265137,8.445000052452087,9.194999933242798,8.600000381469727
2019-03-01,9.140000343322754,9.390000343322754,9.039999961853027,9.279999732971191,121400,0,0,0.02315325746557706,1.9016392449479191,8.799666595458984,9.369834680864617,8.22949851005335,9.074999809265137,8.824999809265137,8.362500071525574,9.194999933242798,8.550000190734863
2019-03-04,9.300000190734863,9.460000038146973,9.210000038146973,9.4399995803833,181300,0,0,0.017241363363798445,1.9344260981569255,8.829666582743327,9.435388298823975,8.223944866662679,9.25,8.824999809265137,8.487500071525574,9.194999933242798,8.479999542236328
2019-03-05,9.449999809265137,9.510000228881836,9.369999885559082,9.43000030517578,176200,0,0,-0.0010592453021184278,1.9323770664001574,8.858999919891357,9.492135283721579,8.225864556061135,9.265000343322754,8.90500020980835,8.457500100135803,9.194999933242798,8.569999694824219
2019-03-06,9.4399995803833,9.4399995803833,8.90999984741211,8.949999809265137,162600,0,0,-0.05090142952033505,1.834016311348078,8.86833324432373,9.498316784410433,8.238349704237029,9.210000038146973,8.90500020980835,8.457500100135803,9.194999933242798,8.5600004196167
2019-03-07,8.920000076293945,8.920000076293945,8.5,8.609999656677246,113100,0,0,-0.03798884467415509,1.764344150566409,8.868666553497315,9.498095818982186,8.239237288012443,9.005000114440918,8.90500020980835,8.457500100135803,9.115000009536743,8.6899995803833
2019-03-08,8.550000190734863,8.710000038146973,8.550000190734863,8.65999984741211,72900,0,0,0.005807223313428089,1.7745900910504888,8.859666538238525,9.493013923486663,8.226319152990387,9.005000114440918,8.90500020980835,8.457500100135803,9.115000009536743,8.5
2019-03-11,8.699999809265137,8.829999923706055,8.65999984741211,8.75,69200,0,0,0.010392627502734397,1.79303274483682,8.859999879201252,9.49310703159072,8.226892726811785,9.005000114440918,8.990000247955322,8.457500100135803,9.089999914169312,8.579999923706055
2019-03-12,8.739999771118164,8.84000015258789,8.59000015258789,8.600000381469727,76700,0,0,-0.01714281354631697,1.7622951188096414,8.86166655222575,9.491776267047776,8.231556837403723,9.005000114440918,8.990000247955322,8.457500100135803,9.009999990463257,8.510000228881836
2019-03-13,8.65999984741211,8.779999732971191,8.619999885559082,8.760000228881836,92300,0,0,0.018604632594767967,1.7950819720186477,8.869666544596354,9.488285375058261,8.251047714134447,9.005000114440918,8.990000247955322,8.472500085830688,9.009999990463257,8.329999923706055
2019-03-14,8.75,8.90999984741211,8.739999771118164,8.84000015258789,67200,0,0,0.0091324111433575,1.8114753986231509,8.879666550954182,9.486306230408655,8.27302687149971,9.005000114440918,8.990000247955322,8.50000011920929,8.999999761581421,8.25
2019-03-15,8.84000015258789,8.989999771118164,8.760000228881836,8.800000190734863,283800,0,0,-0.0045248824844553726,1.803278685320899,8.890333239237467,9.479604418217088,8.301062060257847,9.005000114440918,8.990000247955322,8.457500100135803,8.865000009536743,8.640000343322754
2019-03-18,8.789999961853027,8.869999885559082,8.609999656677246,8.739999771118164,99200,0,0,-0.006818229354116467,1.7909835176549915,8.89433323542277,9.477848366268407,8.310818104577134,8.96999979019165,8.990000247955322,8.507500171661377,8.859999895095825,8.859999656677246
2019-03-19,8.739999771118164,8.819999694824219,8.579999923706055,8.609999656677246,178100,0,0,-0.014874155359878904,1.7643441505664088,8.893666553497315,9.478424453029652,8.308908653964979,8.744999885559082,8.990000247955322,8.56000018119812,8.859999895095825,8.850000381469727
2019-03-20,8.609999656677246,8.649999618530273,8.210000038146973,8.220000267028809,108500,0,0,-0.04529609816488023,1.6844262447257206,8.877333227793375,9.507040205332384,8.247626250254367,8.599999904632568,8.860000133514404,8.572500228881836,8.859999895095825,10.350000381469728
2019-03-21,8.130000114440918,8.279999732971191,8.079999923706055,8.15999984741211,116900,0,0,-0.007299320884132654,1.672131077059813,8.857666556040446,9.536643844492437,8.178689267588455,8.53499984741211,8.795000076293945,8.59250020980835,8.859999895095825,10.460000038146973
2019-03-22,8.15999984741211,8.180000305175781,7.760000228881836,7.760000228881836,234200,0,0,-0.04901956201103741,1.5901639440372968,8.826333236694335,9.609546842681059,8.043119630707611,8.375,8.635000228881836,8.635000228881836,8.859999895095825,10.210000038146973
2019-03-25,7.75,7.949999809265137,7.659999847412109,7.820000171661377,122600,0,0,0.007731951161061623,1.6024590139906743,8.801333252588908,9.659463654862968,7.943202850314847,8.324999809265137,8.585000038146973,8.635000228881836,8.859999895095825,10.149999618530272
2019-03-26,7.929999828338623,8.050000190734863,7.880000114440918,8.050000190734863,114400,0,0,0.02941176649931232,1.6495901643348863,8.785333267847697,9.679982207909854,7.890684327785542,8.324999809265137,8.585000038146973,8.635000228881836,8.859999895095825,10.369999885559082
2019-03-27,8.029999732971191,8.1899995803833,8.010000228881836,8.0600004196167,114300,0,0,0.0012422644279370676,1.6516393915167142,8.768333292007446,9.697202915748788,7.839463668266104,8.324999809265137,8.585000038146973,8.72000002861023,8.859999895095825,10.329999923706056
2019-03-28,8.0600004196167,8.220000267028809,8.0,8.170000076293945,79600,0,0,0.013647599373509456,1.6741803042416412,8.753666639328003,9.705531764273978,7.801801514382029,8.264999866485596,8.585000038146973,8.754999876022339,8.734999895095825,10.460000038146973
2019-03-29,8.229999542236328,8.289999961853027,8.0,8.079999923706055,186700,0,0,-0.011015930446443334,1.6557376504553099,8.735999981562296,9.716913154364708,7.755086808759884,8.239999771118164,8.585000038146973,8.759999990463257,8.615000009536743,10.390000343322754
2019-04-01,8.119999885559082,8.359999656677246,8.050000190734863,8.3100004196167,229800,0,0,0.02846540817851273,1.702868898512052,8.722000010808308,9.714696770790466,7.729303250826151,8.154999732971191,8.585000038146973,8.855000257492065,8.615000009536743,10.06999969482422
2019-04-02,8.3100004196167,8.329999923706055,8.170000076293945,8.1899995803833,60700,0,0,-0.01444053347459806,1.6782785631802366,8.692333332697551,9.693564297688312,7.69110236770679,8.009999752044678,8.585000038146973,8.900000095367432,8.555000066757202,10.140000343322754
2019-04-03,8.289999961853027,8.380000114440918,8.15999984741211,8.34000015258789,350100,0,0,0.018315089119646855,1.7090163846324755,8.666000000635783,9.661378043040381,7.670621958231185,8.019999980926514,8.585000038146973,8.912499904632568,8.559999704360962,10.06999969482422
2019-04-04,8.300000190734863,8.510000228881836,8.300000190734863,8.4399995803833,126700,0,0,0.0119903388448237,1.7295080701755745,8.640666659673055,9.619042197697627,7.662291121648482,8.085000038146973,8.585000038146973,8.912499904632568,8.559999704360962,9.619999885559082
2019-04-05,8.4399995803833,8.619999885559082,8.4399995803833,8.600000381469727,92100,0,0,0.01895744182953618,1.7622951188096414,8.614333327611288,9.55257664099587,7.676090014226706,8.25,8.585000038146973,8.947499752044678,8.559999704360962,9.829999923706056
2019-04-08,8.550000190734863,8.630000114440918,8.449999809265137,8.550000190734863,74800,0,0,-0.005813975408954342,1.7520491783255618,8.586000013351441,9.478126216097989,7.6938738106048925,8.315000057220459,8.585000038146973,8.949999809265137,8.559999704360962,9.710000038146973
2019-04-09,8.5,8.529999732971191,8.420000076293945,8.479999542236328,117600,0,0,-0.00818721016806423,1.7377047834778263,8.56299999554952,9.429080803081273,7.696919188017766,8.315000057220459,8.585000038146973,9.037499904632568,8.559999704360962,9.84000015258789
2019-04-10,8.479999542236328,8.59000015258789,8.430000305175781,8.569999694824219,68500,0,0,0.01061322611394333,1.7561474372641575,8.544666655858357,9.385896932348077,7.703436379368637,8.315000057220459,8.549999713897705,9.085000276565552,8.575000047683716,9.649999618530272
2019-04-11,8.609999656677246,8.699999809265137,8.529999732971191,8.5600004196167,45000,0,0,-0.00116677661185427,1.7540984055073898,8.527666680018108,9.346197635806268,7.709135724229947,8.375,8.324999809265137,9.057500123977661,8.575000047683716,9.75
2019-04-12,8.649999618530273,8.800000190734863,8.569999694824219,8.6899995803833,76100,0,0,0.015186817102098127,1.7807375771709124,8.508000008265178,9.280637414611306,7.735362601919049,8.480000019073486,8.324999809265137,8.955000162124634,8.575000047683716,9.93000030517578
2019-04-15,8.710000038146973,8.710000038146973,8.430000305175781,8.5,76800,0,0,-0.021864164506083972,1.7418032378414823,8.476666688919067,9.168049197775291,7.785284180062843,8.480000019073486,8.324999809265137,8.955000162124634,8.575000047683716,9.729999542236328
2019-04-16,8.520000457763672,8.630000114440918,8.220000267028809,8.579999923706055,65100,0,0,0.009411755730124094,1.7581966644459857,8.448333342870077,9.044856764944587,7.851809920795568,8.510000228881836,8.324999809265137,8.99750018119812,8.575000047683716,9.489999771118164
2019-04-17,8.609999656677246,8.609999656677246,8.430000305175781,8.510000228881836,124300,0,0,-0.008158472662781024,1.7438524650233103,8.433666690190632,9.001249915458521,7.8660834649227445,8.510000228881836,8.324999809265137,8.99750018119812,8.575000047683716,9.489999771118164
2019-04-18,8.449999809265137,8.539999961853027,8.289999961853027,8.329999923706055,123900,0,0,-0.021151621660935316,1.7069671574506478,8.42433336575826,8.989230923459782,7.859435808056737,8.510000228881836,8.324999809265137,8.99750018119812,8.605000019073486,9.359999656677246
2019-04-22,8.239999771118164,8.380000114440918,8.170000076293945,8.25,78400,0,0,-0.009603832465638562,1.6905737308461444,8.410666704177856,8.971947243310703,7.84938616504501,8.485000133514404,8.324999809265137,8.99750018119812,8.660000085830688,9.300000190734863
2019-04-23,8.289999961853027,8.649999618530273,8.239999771118164,8.640000343322754,113200,0,0,0.04727276888760645,1.7704918321118928,8.40700004895528,8.960801512830393,7.853198585080168,8.485000133514404,8.264999866485596,8.99750018119812,8.660000085830688,9.1899995803833
2019-04-24,8.619999885559082,8.890000343322754,8.5600004196167,8.859999656677246,121800,0,0,0.025462882478299198,1.8155736575617465,8.4156666914622,8.988944102219527,7.842389280704872,8.53000020980835,8.275000095367432,8.980000019073486,8.670000076293945,8.899999618530273
2019-04-25,8.789999961853027,8.9399995803833,8.579999923706055,8.850000381469727,120300,0,0,-0.001128586410269583,1.8135246258049789,8.418666696548462,8.999953777491204,7.8373796156057205,8.554999828338623,8.299999713897705,8.867500066757202,8.775000095367432,8.84000015258789
2019-04-26,9.489999771118164,10.420000076293944,9.43000030517578,10.350000381469728,446900,0,0,0.16949151811797947,2.120901667777005,8.46900003751119,9.362547061000367,7.575453014022013,9.295000076293945,9.039999961853027,8.730000019073486,8.800000190734863,9.350000381469728
2019-04-29,10.539999961853027,10.869999885559082,10.420000076293944,10.460000038146973,462200,0,0,0.010627985760675251,2.1434425805019317,8.52433336575826,9.663132221237719,7.3855345102788,9.519999980926514,9.264999866485596,8.664999961853027,8.795000076293945,9.199999809265137
2019-04-30,10.449999809265137,10.449999809265137,10.050000190734863,10.210000038146973,256300,0,0,-0.023900573526602797,2.0922130735065942,8.57333337465922,9.860798546047047,7.285868203271395,9.519999980926514,9.264999866485596,8.505000114440918,8.635000228881836,9.010000228881836
2019-05-01,10.279999732971191,10.34000015258789,10.130000114440918,10.149999618530272,325800,0,0,-0.005876632653528446,2.0799179058406865,8.624666706720989,10.030446861067624,7.218886552374354,9.519999980926514,9.375,8.454999923706055,8.585000038146973,8.84000015258789
2019-05-02,10.130000114440918,10.399999618530272,10.079999923706056,10.369999885559082,177700,0,0,0.021674903970160697,2.124999926715601,8.696333360671996,10.22526746800356,7.167399253340432,9.519999980926514,9.434999942779541,8.454999923706055,8.585000038146973,8.989999771118164
2019-05-03,10.43000030517578,10.43000030517578,10.239999771118164,10.329999923706056,319300,0,0,-0.003857276981143243,2.1168032134133496,8.768666696548461,10.39109806003674,7.146235333060184,9.554999828338623,9.434999942779541,8.454999923706055,8.585000038146973,8.979999542236328
2019-05-06,10.170000076293944,10.5,10.130000114440918,10.460000038146973,154100,0,0,0.01258471591491328,2.143442580501932,8.858666690190633,10.54516022094676,7.1721731594345055,9.71500015258789,9.434999942779541,8.424999952316284,8.585000038146973,8.920000076293945
2019-05-07,10.270000457763672,10.529999732971191,10.270000457763672,10.390000343322754,102300,0,0,-0.0066921314119440245,2.129098381079257,8.944333362579346,10.671418134423902,7.2172485907347905,9.724999904632568,9.460000038146973,8.412499904632568,8.585000038146973,9.0
2019-05-08,10.380000114440918,10.449999809265137,10.020000457763672,10.06999969482422,154600,0,0,-0.030798906441248164,2.063524479236184,9.011666679382325,10.751409785535918,7.271923573228731,10.150000095367432,9.514999866485596,8.369999885559082,8.585000038146973,8.960000038146973
2019-05-09,9.979999542236328,10.220000267028809,9.93000030517578,10.140000343322754,114600,0,0,0.006951405225415375,2.077868874083919,9.081000010172525,10.829222083122488,7.332777937222562,10.400000095367432,9.514999866485596,8.297499895095825,8.585000038146973,8.899999618530273
2019-05-10,10.109999656677246,10.109999656677246,9.949999809265137,10.06999969482422,81700,0,0,-0.006903416777952032,2.0635244792361838,9.144333330790202,10.893610845819282,7.395055815761122,10.230000019073486,9.519999980926514,8.302500009536743,8.585000038146973,9.130000114440918
2019-05-13,9.859999656677246,9.880000114440918,9.5600004196167,9.619999885559082,136200,0,0,-0.04468717208565853,1.9713114057295875,9.19566666285197,10.907218700563153,7.484114625140788,10.045000076293945,9.519999980926514,8.335000038146973,8.585000038146973,9.029999732971191
2019-05-14,9.640000343322754,9.890000343322754,9.640000343322754,9.829999923706056,140300,0,0,0.021829526054591097,2.0143441994226743,9.24633331298828,10.9400280663884,7.552638559588161,10.045000076293945,9.519999980926514,8.417500019073486,8.585000038146973,9.039999961853027
2019-05-15,9.699999809265137,9.8100004196167,9.5600004196167,9.710000038146973,118400,0,0,-0.012207516428325849,1.989754059515919,9.296999994913737,10.952012025458288,7.641987964369186,10.045000076293945,9.519999980926514,8.450000047683716,8.585000038146973,8.9399995803833
2019-05-16,9.760000228881836,9.890000343322754,9.710000038146973,9.84000015258789,87500,0,0,0.013388271259546336,2.016393426604502,9.346999994913737,10.973919318023519,7.720080671803956,10.045000076293945,9.519999980926514,8.450000047683716,8.585000038146973,8.930000305175781
2019-05-17,9.770000457763672,9.84000015258789,9.609999656677246,9.649999618530272,190900,0,0,-0.019308997064156452,1.9774588918500111,9.387333329518636,10.9821962727948,7.7924703862424725,10.045000076293945,9.519999980926514,8.432499885559082,8.585000038146973,8.880000114440918
2019-05-20,9.59000015258789,9.84000015258789,9.449999809265137,9.75,149600,0,0,0.010362734240704441,1.9979507728181707,9.425666650136312,10.998261573107499,7.853071727165127,9.949999809265137,9.519999980926514,8.349999904632568,8.585000038146973,8.779999732971191
2019-05-21,9.859999656677246,9.979999542236328,9.800000190734863,9.93000030517578,177100,0,0,0.01846156976161839,2.0348360803908325,9.47166665395101,11.01981501725788,7.923518290644139,9.835000038146973,9.519999980926514,8.402499914169312,8.585000038146973,8.989999771118164
2019-05-22,9.869999885559082,9.869999885559082,9.640000343322754,9.729999542236328,149600,0,0,-0.020141063121136615,1.9938523184545145,9.513333320617676,11.019465418767531,8.00720122246782,9.779999732971191,9.519999980926514,8.402499914169312,8.585000038146973,8.920000076293945
2019-05-23,9.579999923706056,9.729999542236328,9.420000076293944,9.489999771118164,153400,0,0,-0.024665959137651017,1.9446720386410048,9.543999989827475,11.009226036194915,8.078773943460034,9.699999809265137,9.519999980926514,8.417500019073486,8.585000038146973,9.020000457763672
2019-05-24,9.5600004196167,9.649999618530272,9.479999542236328,9.489999771118164,127200,0,0,0.0,1.9446720386410048,9.574999968210856,10.994574135349021,8.15542580107269,9.699999809265137,9.519999980926514,8.417500019073486,8.585000038146973,8.920000076293945
2019-05-28,9.460000038146973,9.5600004196167,9.350000381469728,9.359999656677246,244700,0,0,-0.013698642526479232,1.918032671552422,9.597333304087321,10.98137771720871,8.213288890965933,9.664999961853027,9.519999980926514,8.417500019073486,8.585000038146973,8.949999809265137
2019-05-29,9.270000457763672,9.329999923706056,9.130000114440918,9.300000190734863,195000,0,0,-0.0064101995879434215,1.9057376993115747,9.623999977111817,10.952515269557148,8.295484684666485,9.554999828338623,9.554999828338623,8.40499997138977,8.585000038146973,9.109999656677246
2019-05-30,9.300000190734863,9.4399995803833,9.09000015258789,9.1899995803833,198300,0,0,-0.011828022375865221,1.8831965911615876,9.644333299001058,10.92647154750987,8.362195050492247,9.53499984741211,9.71500015258789,8.375,8.585000038146973,9.0
2019-05-31,9.050000190734863,9.050000190734863,8.8100004196167,8.899999618530273,153200,0,0,-0.03155603646294525,1.8237703708639983,9.657333278656006,10.90077594265001,8.413890614662002,9.394999980926514,9.724999904632568,8.40250015258789,8.585000038146973,9.149999618530272
2019-06-03,8.930000305175781,8.930000305175781,8.770000457763672,8.84000015258789,230700,0,0,-0.00674151331618722,1.8114753986231509,9.6743332862854,10.857595384931209,8.49107118763959,9.375,9.820000171661377,8.427499771118164,8.585000038146973,9.0600004196167
2019-06-04,8.9399995803833,9.369999885559082,8.859999656677246,9.350000381469728,177100,0,0,0.0576923325880867,1.9159836397956547,9.710999965667725,10.778688021970257,8.643311909365192,9.320000171661377,9.820000171661377,9.167500019073486,9.039999961853027,9.220000267028809
2019-06-05,9.329999923706056,9.609999656677246,9.130000114440918,9.199999809265137,116500,0,0,-0.0160428412924849,1.8852458183434155,9.729666614532471,10.740219071538881,8.719114157526061,9.25,9.650000095367432,9.392499923706055,9.264999866485596,9.350000381469728
2019-06-06,9.149999618530272,9.220000267028809,8.760000228881836,9.010000228881836,131300,0,0,-0.020652128730693664,1.8463114790139854,9.734666633605958,10.729420972037152,8.739912295174763,9.204999923706055,9.644999980926514,9.392499923706055,9.264999866485596,9.300000190734863
2019-06-07,9.0,9.0600004196167,8.84000015258789,8.84000015258789,75000,0,0,-0.018867932516694608,1.8114753986231509,9.73433329264323,10.730271478404715,8.738395106881745,9.184999942779541,9.644999980926514,9.447499990463257,9.264999866485596,9.229999542236328
2019-06-10,8.899999618530273,9.170000076293944,8.899999618530273,8.989999771118164,98600,0,0,0.01696828234628045,1.8422130246503294,9.688999938964844,10.692446987993527,8.685552889936162,9.184999942779541,9.644999980926514,9.477499961853027,9.264999866485596,9.130000114440918
2019-06-11,9.079999923706056,9.109999656677246,8.930000305175781,8.979999542236328,171000,0,0,-0.0011123725402044649,1.8401637974685014,9.639666589101155,10.632177886252702,8.647155291949609,9.184999942779541,9.644999980926514,9.494999885559082,9.264999866485596,9.170000076293944
2019-06-12,8.979999542236328,9.020000457763672,8.899999618530273,8.920000076293945,71300,0,0,-0.006681455345312948,1.8278688252276543,9.596666590372722,10.598289970984226,8.595043209761219,9.184999942779541,9.644999980926514,9.575000047683716,9.264999866485596,9.06999969482422
2019-06-13,8.949999809265137,9.100000381469728,8.9399995803833,9.0,137700,0,0,0.00896860123562826,1.8442622518321574,9.558333269755046,10.560336827479002,8.55632971203109,9.184999942779541,9.605000019073486,9.59249997138977,9.264999866485596,9.0
2019-06-14,8.989999771118164,9.039999961853027,8.880000114440918,8.960000038146973,172300,0,0,-0.004444440205891964,1.8360655385299056,9.51133327484131,10.488771632606673,8.533894917075946,9.184999942779541,9.490000247955322,9.832499980926514,9.264999866485596,9.079999923706056
2019-06-17,8.979999542236328,9.029999732971191,8.880000114440918,8.899999618530273,106000,0,0,-0.006696475375139399,1.823770370863998,9.463666598002115,10.416074592127323,8.511258603876907,9.184999942779541,9.434999942779541,9.957499980926514,9.264999866485596,9.449999809265137
2019-06-18,8.890000343322754,9.170000076293944,8.890000343322754,9.130000114440918,384200,0,0,0.025842753457176793,1.8709016189207404,9.419333267211915,10.303934335955814,8.534732198468015,8.990000247955322,9.369999885559082,9.875,9.264999866485596,9.350000381469728
2019-06-19,9.18000030517578,9.239999771118164,8.989999771118164,9.029999732971191,150400,0,0,-0.010952944163884037,1.8504097379525812,9.37399991353353,10.19230308182886,8.5556967452382,9.039999961853027,9.369999885559082,9.78250002861023,9.264999866485596,9.850000381469728
2019-06-20,9.0600004196167,9.06999969482422,8.90999984741211,9.039999961853027,116400,0,0,0.001107445091645065,1.852458965134409,9.339666589101155,10.124232195700115,8.555100982502195,9.059999942779541,9.369999885559082,9.78250002861023,9.264999866485596,9.859999656677246
2019-06-21,9.0,9.020000457763672,8.760000228881836,8.9399995803833,489000,0,0,-0.011061989147312823,1.8319670841662499,9.29966656366984,10.038241909170454,8.561091218169226,9.0,9.369999885559082,9.78250002861023,9.264999866485596,9.979999542236328
2019-06-24,8.899999618530273,9.050000190734863,8.859999656677246,8.930000305175781,113100,0,0,-0.0011184872121762224,1.8299180524094822,9.261666584014893,9.953944323175422,8.569388844854364,9.0,9.369999885559082,9.78250002861023,9.264999866485596,9.68000030517578
2019-06-25,8.9399995803833,8.960000038146973,8.710000038146973,8.880000114440918,126500,0,0,-0.005599125310878583,1.8196721119254027,9.23699992497762,9.929183246077367,8.544816603877875,8.974999904632568,9.34499979019165,9.78250002861023,9.264999866485596,9.729999542236328
2019-06-26,8.930000305175781,9.050000190734863,8.760000228881836,8.779999732971191,124400,0,0,-0.01126130407443382,1.7991802309572436,9.201999918619792,9.876783564634332,8.527216272605253,8.974999904632568,9.34499979019165,9.734999895095825,9.264999866485596,9.90999984741211
2019-06-27,8.8100004196167,8.989999771118164,8.8100004196167,8.989999771118164,213000,0,0,0.023918000516374383,1.8422130246503294,9.177999909718832,9.829776029082929,8.526223790354734,8.974999904632568,9.289999961853027,9.677500009536743,9.264999866485596,9.529999732971191
2019-06-28,8.920000076293945,9.119999885559082,8.890000343322754,8.920000076293945,605500,0,0,-0.007786395618062603,1.8278688252276543,9.147333240509033,9.75711893974027,8.537547541277796,8.974999904632568,9.21999979019165,9.649999856948853,9.264999866485596,9.399999618530272
2019-07-01,8.699999809265137,9.170000076293944,8.699999809265137,9.020000457763672,193200,0,0,0.011210805001615531,1.8483607061958136,9.12633326848348,9.70836629806373,8.54430023890323,8.96999979019165,9.174999713897705,9.609999895095825,9.264999866485596,9.40999984741211
2019-07-02,9.0,9.06999969482422,8.800000190734863,8.920000076293945,164700,0,0,-0.011086516230013554,1.8278688252276545,9.098666604359945,9.637029880630507,8.560303328089383,8.934999942779541,9.154999732971191,9.609999895095825,9.264999866485596,9.399999618530272
2019-07-03,8.949999809265137,8.979999542236328,8.880000114440918,8.949999809265137,47500,0,0,0.003363198734820605,1.834016311348078,9.065999921162923,9.509813688109487,8.62218615421636,8.934999942779541,9.154999732971191,9.59249997138977,9.264999866485596,9.489999771118164
2019-07-05,9.010000228881836,9.149999618530272,9.010000228881836,9.109999656677246,101800,0,0,0.017877078304121996,1.8668031645570846,9.045333258310954,9.415636887539836,8.675029629082072,8.934999942779541,9.154999732971191,9.554999828338623,9.264999866485596,9.65999984741211
2019-07-08,9.079999923706056,9.130000114440918,8.970000267028809,9.0,144200,0,0,-0.012074606017863143,1.8442622518321576,9.028999932607015,9.360879366591968,8.697120498622061,8.934999942779541,9.154999732971191,9.625,9.264999866485596,9.56999969482422
2019-07-09,8.920000076293945,9.15999984741211,8.920000076293945,9.149999618530272,151500,0,0,0.016666624281141296,1.8749998778593358,9.01766659418742,9.306492773614009,8.72884041476083,8.934999942779541,9.154999732971191,9.559999942779541,9.264999866485596,9.43000030517578
2019-07-10,9.170000076293944,9.229999542236328,8.989999771118164,9.0600004196167,142900,0,0,-0.009835978433409887,1.8565574194980652,9.007666619618734,9.267928542515987,8.74740469672148,8.964999675750732,9.154999732971191,9.597500085830688,9.264999866485596,9.399999618530272
2019-07-11,9.050000190734863,9.289999961853027,9.029999732971191,9.220000267028809,201300,0,0,0.017660026490250225,1.8893442727070717,9.0049999554952,9.254719386195076,8.755280524795323,8.994999885559082,9.154999732971191,9.570000171661377,9.264999866485596,9.75
2019-07-12,9.25,9.399999618530272,9.15999984741211,9.350000381469728,177800,0,0,0.014099795084150601,1.915983639795655,9.010333315531414,9.281405590672643,8.739261040390184,9.049999713897705,9.049999713897705,9.450000047683716,9.264999866485596,9.720000267028809
2019-07-15,9.359999656677246,9.369999885559082,9.229999542236328,9.300000190734863,133700,0,0,-0.005347613764161707,1.905737699311575,9.023666667938233,9.310504812215783,8.736828523660684,9.099999904632568,9.049999713897705,9.424999952316284,9.264999866485596,9.479999542236328
2019-07-16,9.300000190734863,9.300000190734863,9.210000038146973,9.229999542236328,148400,0,0,-0.00752695129708425,1.8913933044638396,9.036666647593181,9.324373987409997,8.748959307776365,9.139999866485596,9.049999713897705,9.414999961853027,9.375,9.520000457763672
2019-07-17,9.199999809265137,9.239999771118164,9.079999923706056,9.130000114440918,160400,0,0,-0.010834174729675183,1.8709016189207406,9.029333305358886,9.295247219130186,8.763419391587586,9.15999984741211,9.049999713897705,9.414999961853027,9.434999942779541,9.40999984741211
2019-07-18,9.119999885559082,9.270000457763672,9.109999656677246,9.170000076293944,156900,0,0,0.004381156774549977,1.8790983322229917,9.028333314259847,9.291903014047724,8.764763614471969,9.15999984741211,9.049999713897705,9.414999961853027,9.434999942779541,9.119999885559082
2019-07-19,9.130000114440918,9.229999542236328,9.039999961853027,9.06999969482422,114500,0,0,-0.010905166917963394,1.8586064512548333,9.030333296457927,9.29422445821061,8.766442134705244,9.15999984741211,9.049999713897705,9.414999961853027,9.434999942779541,9.18000030517578
2019-07-22,9.039999961853027,9.119999885559082,8.960000038146973,9.0,175100,0,0,-0.00771771743985461,1.8442622518321576,9.035666624704996,9.29032026581642,8.781012983593572,9.179999828338623,9.049999713897705,9.394999980926514,9.460000038146973,9.09000015258789
2019-07-23,9.029999732971191,9.15999984741211,8.989999771118164,9.079999923706056,149700,0,0,0.00888888041178415,1.8606556784366615,9.03866662979126,9.29321880764229,8.78411445194023,9.179999828338623,9.049999713897705,9.337500095367432,9.514999866485596,9.020000457763672
2019-07-24,9.010000228881836,9.5,9.010000228881836,9.449999809265137,262600,0,0,0.040748886417177665,1.9364753253387537,9.054333305358886,9.347213052489785,8.761453558227988,9.230000019073486,9.099999904632568,9.309999942779541,9.514999866485596,9.18000030517578
2019-07-25,9.479999542236328,9.609999656677246,9.329999923706056,9.350000381469728,186000,0,0,-0.010581950244841876,1.915983639795655,9.068666648864745,9.375508536837957,8.761824760891534,9.28499984741211,9.154999732971191,9.180000066757202,9.519999980926514,9.130000114440918
2019-07-26,9.380000114440918,10.039999961853027,9.380000114440918,9.850000381469728,377000,0,0,0.05347593364711756,2.0184426537863303,9.096999994913737,9.510771687700666,8.683228302126809,9.5,9.369999885559082,9.204999923706055,9.519999980926514,8.779999732971191
2019-07-29,9.890000343322754,10.09000015258789,9.800000190734863,9.859999656677246,249800,0,0,0.001015154804087981,2.0204916855430977,9.126999982198079,9.619202484307424,8.634797480088734,9.525000095367432,9.394999980926514,9.214999914169312,9.519999980926514,8.729999542236328
2019-07-30,9.800000190734863,10.010000228881836,9.75,9.979999542236328,275600,0,0,0.012170374212723045,2.0450818254498526,9.162999979654948,9.734552608324252,8.591447350985645,9.525000095367432,9.394999980926514,9.184999942779541,9.519999980926514,9.470000267028809
2019-07-31,10.039999961853027,10.170000076293944,9.65999984741211,9.68000030517578,396100,0,0,-0.03006004517243943,1.983606573395495,9.18133331934611,9.781833079598671,8.58083355909355,9.565000057220459,9.434999942779541,9.184999942779541,9.519999980926514,9.199999809265137
2019-08-01,9.649999618530272,9.8100004196167,9.5600004196167,9.729999542236328,607000,0,0,0.005165210277298771,1.993852318454515,9.204666646321614,9.833379827160838,8.57595346548239,9.565000057220459,9.434999942779541,9.15999984741211,9.519999980926514,9.449999809265137
2019-08-02,9.710000038146973,9.970000267028809,9.649999618530272,9.90999984741211,165800,0,0,0.01849951836014263,2.030737626027177,9.233666642506916,9.907646463533816,8.559686821480017,9.579999923706055,9.434999942779541,9.15999984741211,9.519999980926514,9.59000015258789
2019-08-05,9.770000457763672,9.800000190734863,9.40999984741211,9.529999732971191,153400,0,0,-0.038345118092020014,1.9528687519432566,9.253333314259846,9.926326690747834,8.580339937771859,9.59000015258789,9.434999942779541,9.132499933242798,9.519999980926514,9.880000114440918
2019-08-06,9.59000015258789,9.609999656677246,9.220000267028809,9.399999618530272,186900,0,0,-0.013641145654092246,1.9262293848546732,9.26899995803833,9.933037116954631,8.60496279912203,9.695000171661377,9.434999942779541,9.09749984741211,9.519999980926514,10.050000190734863
2019-08-07,9.220000267028809,9.479999542236328,9.079999923706056,9.40999984741211,302500,0,0,0.0010638541795389145,1.9282786120365014,9.286666615804036,9.936507588465682,8.636825643142389,9.625,9.485000133514404,9.072499752044678,9.519999980926514,10.220000267028809
2019-08-08,9.479999542236328,9.609999656677246,9.369999885559082,9.399999618530272,153700,0,0,-0.00106272359659898,1.926229384854673,9.307333278656007,9.930463375315975,8.684203181996038,9.625,9.525000095367432,9.044999837875366,9.519999980926514,10.399999618530272
2019-08-09,9.380000114440918,9.5,9.329999923706056,9.489999771118164,177600,0,0,0.009574484706411646,1.9446720386410048,9.323999945322672,9.939034585996916,8.708965304648428,9.625,9.545000076293945,9.044999837875366,9.519999980926514,10.229999542236328
2019-08-12,9.449999809265137,9.670000076293944,9.369999885559082,9.65999984741211,166100,0,0,0.017913601727507222,1.9795081190318393,9.348666604359945,9.95627155619865,8.741061652521239,9.625,9.545000076293945,9.044999837875366,9.554999828338623,10.210000038146973
2019-08-13,9.640000343322754,9.729999542236328,9.550000190734863,9.56999969482422,119900,0,0,-0.009316786129349608,1.9610654652455086,9.366999912261964,9.967023244237765,8.766976580286162,9.525000095367432,9.545000076293945,9.044999837875366,9.71500015258789,10.119999885559082
2019-08-14,9.369999885559082,9.470000267028809,8.5,9.43000030517578,135200,0,0,-0.014628985800716143,1.9323770664001574,9.383999919891357,9.961006675250921,8.806993164531793,9.235000133514404,9.335000038146973,9.044999837875366,9.724999904632568,10.1899995803833
2019-08-15,9.460000038146973,9.520000457763672,9.350000381469728,9.399999618530272,106500,0,0,-0.003181408873236369,1.9262293848546734,9.398999913533528,9.953188694148876,8.84481113291818,9.150000095367432,9.335000038146973,9.059999704360962,9.78499984741211,10.229999542236328
2019-08-16,9.43000030517578,9.760000228881836,9.43000030517578,9.75,229400,0,0,0.03723408464610678,1.9979507728181705,9.420333258310954,9.977623951399142,8.863042565222766,9.130000114440918,9.335000038146973,9.074999809265137,9.78499984741211,10.0600004196167
2019-08-19,9.760000228881836,9.880000114440918,9.699999809265137,9.720000267028809,185400,0,0,-0.0030768956893529875,1.9918032866977469,9.444333267211913,9.989103845499413,8.899562688924414,9.190000057220459,9.335000038146973,9.049999713897705,9.614999771118164,10.199999809265137
2019-08-20,9.6899995803833,9.760000228881836,9.43000030517578,9.479999542236328,154600,0,0,-0.024691431913493544,1.9426228114591768,9.455333264668782,9.98917457222842,8.921491957109145,9.190000057220459,9.335000038146973,9.074999809265137,9.614999771118164,9.960000038146973
2019-08-21,9.5,9.630000114440918,9.40999984741211,9.520000457763672,138700,0,0,0.0042195060610632495,1.9508197201864885,9.470666599273681,9.984381346104445,8.956951852442916,9.190000057220459,9.335000038146973,9.09499979019165,9.614999771118164,9.989999771118164
2019-08-22,9.59000015258789,9.59000015258789,9.350000381469728,9.40999984741211,120900,0,0,-0.011554685405698262,1.9282786120365014,9.476999918619791,9.98287290682802,8.971126930411563,9.190000057220459,9.335000038146973,9.104999780654907,9.614999771118164,9.899999618530272
2019-08-23,9.399999618530272,9.470000267028809,9.06999969482422,9.119999885559082,169000,0,0,-0.03081827487306299,1.8688523917389122,9.46933323542277,9.989352808314788,8.949313662530752,9.190000057220459,9.335000038146973,9.104999780654907,9.614999771118164,9.789999961853027
2019-08-26,9.25,9.25,9.020000457763672,9.18000030517578,90200,0,0,0.006578993461579419,1.8811475594048195,9.465333239237468,9.992256236573342,8.938410241901595,9.190000057220459,9.335000038146973,9.104999780654907,9.614999771118164,9.710000038146973
2019-08-27,9.1899995803833,9.3100004196167,9.029999732971191,9.09000015258789,198600,0,0,-0.009803937864484191,1.8627049056184886,9.460666592915853,9.998148188606395,8.923184997225311,9.450000286102295,9.335000038146973,9.114999771118164,9.574999809265137,9.609999656677246
2019-08-28,9.06999969482422,9.18000030517578,9.0,9.020000457763672,141600,0,0,-0.007700736375047312,1.8483607061958132,9.456999937693277,10.004788712207592,8.909211163178963,9.440000057220459,9.335000038146973,9.114999771118164,9.460000038146973,9.800000190734863
2019-08-29,9.109999656677246,9.239999771118164,9.039999961853027,9.18000030517578,133100,0,0,0.017738341384937906,1.8811475594048195,9.457333278656005,10.004439263365578,8.910227293946432,9.440000057220459,9.335000038146973,9.164999961853027,9.404999732971191,9.850000381469728
2019-08-30,9.210000038146973,9.31999969482422,9.039999961853027,9.130000114440918,72000,0,0,-0.005446643689834163,1.8709016189207404,9.45933329264323,10.001208511114255,8.917458074172204,9.380000114440918,9.335000038146973,9.21999979019165,9.339999675750732,9.6899995803833
2019-09-03,9.06999969482422,9.06999969482422,8.760000228881836,8.779999732971191,110300,0,0,-0.038335200118577384,1.7991802309572433,9.451999950408936,10.023488742909286,8.880511157908586,9.195000171661377,9.335000038146973,9.434999942779541,9.369999885559082,9.699999809265137
2019-09-04,8.930000305175781,8.930000305175781,8.710000038146973,8.729999542236328,138000,0,0,-0.005694782717031277,1.7889342904731638,9.440333271026612,10.054158137070724,8.8265084049825,9.150000095367432,9.335000038146973,9.460000038146973,9.394999980926514,9.6899995803833
2019-09-05,8.869999885559082,9.520000457763672,8.869999885559082,9.470000267028809,479500,0,0,0.08476526501660242,1.9405737797024092,9.440999952952067,10.054908261803911,8.827091644100223,9.115000247955322,9.335000038146973,9.460000038146973,9.394999980926514,9.899999618530272
2019-09-06,9.520000457763672,9.520000457763672,9.170000076293944,9.199999809265137,203500,0,0,-0.02851113517955406,1.8852458183434155,9.43599993387858,10.055177641151408,8.816822226605753,9.115000247955322,9.235000133514404,9.5,9.434999942779541,9.84000015258789
2019-09-09,9.220000267028809,9.489999771118164,9.140000343322754,9.449999809265137,171000,0,0,0.027173913606849176,1.9364753253387532,9.422666581471761,10.022663076095178,8.822670086848344,9.115000247955322,9.235000133514404,9.5,9.434999942779541,9.93000030517578
2019-09-10,9.460000038146973,9.600000381469728,9.260000228881836,9.59000015258789,456800,0,0,0.014814851444281851,1.9651639196091641,9.413666598002116,9.995084736948783,8.83224845905545,9.15500020980835,9.190000057220459,9.507499933242798,9.434999942779541,9.979999542236328
2019-09-11,9.65999984741211,9.890000343322754,9.470000267028809,9.880000114440918,218000,0,0,0.030239828700604265,2.024590139906753,9.410333283742268,9.979827224867345,8.840839342617192,9.300000190734863,9.195000171661377,9.512500047683716,9.434999942779541,10.109999656677246
2019-09-12,9.779999732971191,10.109999656677246,9.609999656677246,10.050000190734863,204500,0,0,0.017206485255548465,2.0594262202975875,9.422666613260905,10.029534382795452,8.815798843726357,9.40999984741211,9.304999828338623,9.565000057220459,9.434999942779541,10.06999969482422
2019-09-13,10.029999732971191,10.279999732971191,10.020000457763672,10.220000267028809,344800,0,0,0.016915430155978406,2.094262300688422,9.438999970753988,10.1015194638046,8.776480477703377,9.494999885559082,9.389999866485596,9.555000066757202,9.434999942779541,10.210000038146973
2019-09-16,10.119999885559082,10.460000038146973,10.109999656677246,10.399999618530272,193400,0,0,0.01761246054779142,2.1311474128360235,9.455333296457926,10.183909054915855,8.726757537999998,9.585000038146973,9.480000019073486,9.575000047683716,9.434999942779541,10.239999771118164
2019-09-17,10.369999885559082,10.390000343322754,10.079999923706056,10.229999542236328,173800,0,0,-0.016346161781683577,2.0963113324451896,9.478666623433432,10.258035670178375,8.699297576688489,9.664999961853027,9.480000019073486,9.585000038146973,9.434999942779541,10.270000457763672
2019-09-18,10.1899995803833,10.260000228881836,10.050000190734863,10.210000038146973,166900,0,0,-0.001954985824464961,2.0922130735065942,9.505666637420655,10.326976605566385,8.684356669274925,9.800000190734863,9.480000019073486,9.585000038146973,9.434999942779541,10.149999618530272
2019-09-19,10.220000267028809,10.380000114440918,10.109999656677246,10.119999885559082,90500,0,0,-0.008814902277338721,2.073770419720263,9.529333305358886,10.378513065171171,8.6801535455466,9.800000190734863,9.480000019073486,9.535000085830688,9.434999942779541,11.020000457763672
2019-09-20,10.119999885559082,10.239999771118164,9.970000267028809,10.1899995803833,553100,0,0,0.006916965969941069,2.0881146191429387,9.555666637420654,10.43541357709712,8.675919697744186,9.860000133514404,9.585000038146973,9.285000085830688,9.335000038146973,10.920000076293944
2019-09-23,10.09000015258789,10.279999732971191,9.989999771118164,10.229999542236328,153800,0,0,0.003925413493640395,2.09631133244519,9.580333296457926,10.49203631141027,8.668630281505582,9.96500015258789,9.585000038146973,9.242500066757202,9.335000038146973,11.050000190734863
2019-09-24,10.199999809265137,10.300000190734863,10.0,10.0600004196167,149000,0,0,-0.0166177057895025,2.061475447479416,9.593666648864746,10.521100564556347,8.666232733173144,10.03499984741211,9.585000038146973,9.232500076293945,9.335000038146973,10.970000267028809
2019-09-25,10.050000190734863,10.229999542236328,10.0,10.199999809265137,120500,0,0,0.013916439742432063,2.0901638463247663,9.614666652679443,10.567036213934237,8.662297091424648,10.21500015258789,9.585000038146973,9.262500047683716,9.335000038146973,10.899999618530272
2019-09-26,10.229999542236328,10.239999771118164,9.920000076293944,9.960000038146973,118500,0,0,-0.023529389765297948,2.0409835665112563,9.63233331044515,10.58995934692077,8.67470727396953,10.190000057220459,9.585000038146973,9.262500047683716,9.335000038146973,11.0
2019-09-27,10.010000228881836,10.140000343322754,9.890000343322754,9.989999771118164,126300,0,0,0.00301202137111356,2.0471310526316797,9.65199998219808,10.613928326838446,8.690071637557713,10.140000343322754,9.585000038146973,9.262500047683716,9.335000038146973,11.270000457763672
2019-09-30,10.039999961853027,10.0600004196167,9.869999885559082,9.899999618530272,150400,0,0,-0.009009024489478934,2.028688398845348,9.656999969482422,10.622443859077903,8.691556079886942,10.125,9.585000038146973,9.262500047683716,9.335000038146973,11.510000228881836
2019-10-01,9.989999771118164,10.0600004196167,9.710000038146973,9.789999961853027,175600,0,0,-0.011111076860180202,2.0061474861204216,9.659333292643229,10.62570679006536,8.692959795221098,10.045000076293945,9.585000038146973,9.262500047683716,9.335000038146973,11.350000381469728
2019-10-02,9.739999771118164,9.770000457763672,9.600000381469728,9.710000038146973,128100,0,0,-0.008171595916013907,1.9897540595159184,9.66699997584025,10.63122190649696,8.70277804518354,9.950000286102295,9.585000038146973,9.262500047683716,9.335000038146973,11.260000228881836
2019-10-03,9.640000343322754,9.729999542236328,9.5,9.609999656677246,116000,0,0,-0.01029870041986225,1.9692621785477593,9.66999994913737,10.632941307142737,8.707058591132004,9.900000095367432,9.585000038146973,9.392500162124634,9.335000038146973,11.34000015258789
2019-10-04,9.649999618530272,9.8100004196167,9.5600004196167,9.800000190734863,92200,0,0,0.019771128079656197,2.00819671330225,9.682999960581462,10.642097591108048,8.723902330054877,9.900000095367432,9.585000038146973,9.387500047683716,9.335000038146973,11.449999809265137
2019-10-07,9.800000190734863,9.920000076293944,9.68000030517578,9.850000381469728,93800,0,0,0.005102060179767776,2.01844265378633,9.707333310445149,10.64500118884019,8.769665432050108,9.869999885559082,9.585000038146973,9.387500047683716,9.335000038146973,11.4399995803833
2019-10-08,9.720000267028809,9.789999961853027,9.670000076293944,9.6899995803833,95300,0,0,-0.01624373552182068,1.985655605152263,9.7243332862854,10.641543930533365,8.807122642037436,9.869999885559082,9.585000038146973,9.357500076293945,9.335000038146973,11.329999923706056
2019-10-09,9.739999771118164,9.829999923706056,9.630000114440918,9.699999809265137,104900,0,0,0.0010320154091729705,1.9877048323340907,9.744666608174642,10.631463135806877,8.857870080542407,9.820000171661377,9.585000038146973,9.265000104904175,9.335000038146973,11.18000030517578
2019-10-10,9.68000030517578,9.859999656677246,9.670000076293944,9.6899995803833,103800,0,0,-0.001030951451389095,1.9856556051522627,9.766999912261962,10.612728534080833,8.92127129044309,9.78000020980835,9.664999961853027,9.242500066757202,9.335000038146973,11.119999885559082
2019-10-11,9.869999885559082,10.020000457763672,9.84000015258789,9.899999618530272,109000,0,0,0.021671831500601924,2.028688398845348,9.79099988937378,10.60933138559796,8.972668393149599,9.78000020980835,9.800000190734863,9.225000143051147,9.335000038146973,10.949999809265137
2019-10-14,9.81999969482422,10.039999961853027,9.75,9.84000015258789,110600,0,0,-0.006060552348919002,2.0163934266045014,9.814666557312012,10.595614791975835,9.03371832264819,9.769999980926514,9.800000190734863,9.175000190734863,9.335000038146973,10.899999618530272
2019-10-15,9.93000030517578,9.989999771118164,9.859999656677246,9.93000030517578,117700,0,0,0.009146356828482194,2.034836080390832,9.85299990971883,10.534167898776948,9.171831920660713,9.769999980926514,9.860000133514404,9.175000190734863,9.335000038146973,10.800000190734863
2019-10-16,9.949999809265137,10.09000015258789,9.880000114440918,9.979999542236328,81000,0,0,0.005035169740577716,2.0450818254498517,9.894666576385498,10.435190785150548,9.35414236762045,9.825000286102295,9.96500015258789,9.172500133514404,9.335000038146973,10.68000030517578
2019-10-17,10.020000457763672,10.140000343322754,9.979999542236328,10.109999656677246,119200,0,0,0.013026064168715212,2.0717211925384347,9.91599988937378,10.43812104165525,9.393878737092308,9.885000228881836,9.980000019073486,9.24750018119812,9.335000038146973,10.68000030517578
2019-10-18,10.050000190734863,10.239999771118164,10.050000190734863,10.06999969482422,119900,0,0,-0.0039564750950913385,2.0635244792361833,9.944999885559081,10.39721543969786,9.492784331420303,9.934999942779541,9.980000019073486,9.357499837875366,9.335000038146973,10.859999656677246
2019-10-21,10.18000030517578,10.279999732971191,10.149999618530272,10.210000038146973,83700,0,0,0.013902715746328065,2.092213073506594,9.97033322652181,10.393172276580412,9.547494176463207,9.954999923706055,9.980000019073486,9.442499876022339,9.389999866485596,11.34000015258789
2019-10-22,10.149999618530272,10.350000381469728,10.06999969482422,10.239999771118164,132000,0,0,0.0029382696238104966,2.0983605596270176,9.99199988047282,10.401143306438142,9.582856454507498,10.010000228881836,9.945000171661377,9.53250002861023,9.480000019073486,11.119999885559082
2019-10-23,10.229999542236328,10.289999961853027,10.18000030517578,10.270000457763672,58700,0,0,0.002929754620710545,2.1045082411725016,10.004999891916912,10.423691681258692,9.586308102575131,10.050000190734863,9.940000057220459,9.572499990463257,9.480000019073486,11.09000015258789
2019-10-24,10.279999732971191,10.350000381469728,10.119999885559082,10.149999618530272,93400,0,0,-0.01168459920979703,2.079917905840686,10.008333206176758,10.429967591545818,9.586698820807698,10.050000190734863,9.940000057220459,9.640000104904175,9.480000019073486,11.109999656677246
2019-10-25,10.4399995803833,11.18000030517578,10.270000457763672,11.020000457763672,243800,0,0,0.0857143716188018,2.2581967621585144,10.034999879201253,10.58689900455845,9.483100753844056,10.519999980926514,10.34000015258789,9.640000104904175,9.480000019073486,11.289999961853027
2019-10-28,11.199999809265137,11.359999656677246,10.899999618530272,10.920000076293944,195000,0,0,-0.009074444402520587,2.237704881190355,10.052333227793376,10.676435426580861,9.428231029005891,10.619999885559082,10.429999828338623,9.722500085830688,9.480000019073486,11.350000381469728
2019-10-29,10.949999809265137,11.100000381469728,10.880000114440918,11.050000190734863,144600,0,0,0.011904772301525535,2.264344248278938,10.079666582743327,10.796747212871601,9.362585952615053,10.669999599456787,10.429999828338623,9.775000095367432,9.480000019073486,11.460000038146973
2019-10-30,11.0600004196167,11.0600004196167,10.859999656677246,10.970000267028809,167200,0,0,-0.007239811975128574,2.247950821674435,10.104999923706055,10.888843848008758,9.321155999403352,10.704999923706055,10.429999828338623,9.809999942779541,9.480000019073486,11.56999969482422
2019-10-31,10.949999809265137,10.960000038146973,10.75,10.899999618530272,168500,0,0,-0.006381098158122156,2.2336064268266993,10.130999914805095,10.964917570915409,9.29708225869478,10.714999675750732,10.429999828338623,9.900000095367432,9.480000019073486,11.630000114440918
2019-11-01,10.920000076293944,11.09000015258789,10.869999885559082,11.0,185900,0,0,0.009174347244905068,2.254098307794859,10.157999928792318,11.04799759998981,9.268002257594826,10.714999675750732,10.429999828338623,9.887500047683716,9.480000019073486,11.890000343322754
2019-11-04,11.100000381469728,11.300000190734863,10.989999771118164,11.270000457763672,275400,0,0,0.024545496160333746,2.3094262691538523,10.192666625976562,11.167570235135958,9.217763016817166,10.739999771118164,10.429999828338623,9.862500190734863,9.480000019073486,12.199999809265137
2019-11-05,11.34000015258789,11.760000228881836,11.3100004196167,11.510000228881836,234800,0,0,0.021295453537699904,2.3586065489673618,10.240999952952068,11.322066124157082,9.159933781747053,10.940000057220459,10.630000114440918,9.855000019073486,9.480000019073486,12.609999656677246
2019-11-06,11.479999542236328,11.5,11.289999961853027,11.350000381469728,93400,0,0,-0.013900942157292318,2.3258196957583555,10.279333305358886,11.43066422865691,9.128002382060862,11.015000343322754,10.630000114440918,9.815000057220459,9.480000019073486,12.380000114440918
2019-11-07,11.5,11.5600004196167,11.199999809265137,11.260000228881836,199800,0,0,-0.007929528595860602,2.307377041972024,10.322666645050049,11.519323877501556,9.126009412598542,11.255000114440918,10.630000114440918,9.767500162124634,9.480000019073486,12.81999969482422
2019-11-08,11.25,11.40999984741211,11.100000381469728,11.34000015258789,186800,0,0,0.007104788817042351,2.323770468576527,10.367666657765707,11.61120279768637,9.124130517845042,11.255000114440918,10.660000324249268,9.742500066757202,9.480000019073486,13.300000190734863
2019-11-11,11.3100004196167,11.470000267028809,11.25,11.449999809265137,164300,0,0,0.009700145960945372,2.3463113813014536,10.419333330790202,11.708511779699888,9.130154881880516,11.255000114440918,10.695000171661377,9.742500066757202,9.480000019073486,13.56999969482422
2019-11-12,11.460000038146973,11.539999961853027,11.350000381469728,11.4399995803833,197200,0,0,-0.0008733824496437448,2.3442621541196256,10.474333318074544,11.791715044221899,9.15695159192719,11.255000114440918,10.695000171661377,9.727499961853027,9.480000019073486,13.4399995803833
2019-11-13,11.350000381469728,11.550000190734863,11.260000228881836,11.329999923706056,172500,0,0,-0.009615354957343336,2.321721241394699,10.528333314259847,11.848752313682704,9.207914314836989,11.315000057220459,10.695000171661377,9.727499961853027,9.480000019073486,13.149999618530272
2019-11-14,11.329999923706056,11.329999923706056,11.130000114440918,11.18000030517578,113200,0,0,-0.013239154416623489,2.29098361536752,10.580666669209798,11.87571951374438,9.285613824675215,11.375,10.71500015258789,9.702500104904175,9.480000019073486,13.050000190734863
2019-11-15,11.279999732971191,11.34000015258789,11.079999923706056,11.119999885559082,103200,0,0,-0.005366763683263942,2.2786884477016125,10.624666659037272,11.900311117626629,9.349022200447916,11.420000076293945,10.755000114440918,9.722500085830688,9.480000019073486,13.09000015258789
2019-11-18,11.09000015258789,11.100000381469728,10.850000381469728,10.949999809265137,144000,0,0,-0.015287776802472397,2.2438523673107778,10.661333306630452,11.908911338417854,9.41375527484305,11.205000400543213,10.755000114440918,9.790000200271606,9.480000019073486,12.970000267028809
2019-11-19,11.010000228881836,11.010000228881836,10.720000267028809,10.899999618530272,242600,0,0,-0.004566227543909007,2.233606426826698,10.701666641235352,11.898557874358664,9.50477540811204,11.140000343322754,10.809999942779541,9.785000085830688,9.480000019073486,12.859999656677246
2019-11-20,10.84000015258789,10.979999542236328,10.729999542236328,10.800000190734863,281300,0,0,-0.009174259751845049,2.2131147412835994,10.738333320617675,11.876566895785928,9.600099745449423,11.135000228881836,10.820000171661377,9.815000057220459,9.480000019073486,13.0
2019-11-21,10.880000114440918,10.890000343322754,10.640000343322754,10.68000030517578,222200,0,0,-0.011111100318500933,2.188524601376844,10.771333344777425,11.841900852061471,9.700765837493378,11.095000267028809,10.869999885559082,9.895000219345093,9.480000019073486,12.970000267028809
2019-11-22,10.770000457763672,10.84000015258789,10.65999984741211,10.68000030517578,231000,0,0,0.0,2.188524601376844,10.797333367665608,11.819076935133847,9.77558980019737,11.095000267028809,10.90500020980835,9.932500123977661,9.480000019073486,12.890000343322754
2019-11-25,10.779999732971191,10.9399995803833,10.59000015258789,10.859999656677246,722300,0,0,0.016853871381842023,2.2254097135244466,10.831333351135253,11.789706995888073,9.872959706382433,11.070000171661377,10.914999961853027,9.957499980926514,9.480000019073486,12.649999618530272
2019-11-26,10.899999618530272,11.460000038146973,10.770000457763672,11.34000015258789,354700,0,0,0.04419894208887176,2.323770468576526,10.878333346048992,11.792859805946293,9.96380688615169,11.025000095367432,10.914999961853027,9.96749997138977,9.480000019073486,12.470000267028809
2019-11-27,11.359999656677246,11.470000267028809,11.010000228881836,11.119999885559082,241100,0,0,-0.019400376020153987,2.278688447701612,10.916333357493082,11.771584021980804,10.06108269300536,11.03000020980835,10.940000057220459,9.977500200271606,9.480000019073486,12.239999771118164
2019-11-29,11.09000015258789,11.220000267028809,11.0600004196167,11.09000015258789,118500,0,0,-0.002697817741001085,2.2725409615811882,10.949000040690104,11.75216896700398,10.145831114376227,11.03000020980835,10.940000057220459,9.995000123977661,9.480000019073486,12.260000228881836
2019-12-02,11.18000030517578,11.239999771118164,11.010000228881836,11.109999656677246,158600,0,0,0.0018033817686367026,2.276639220519784,10.983666706085206,11.719456794303255,10.247876617867156,11.03000020980835,11.015000343322754,9.995000123977661,9.480000019073486,12.119999885559082
2019-12-03,11.550000190734863,11.65999984741211,11.149999618530272,11.289999961853027,312800,0,0,0.016201648131249025,2.313524528092447,11.019666703542073,11.704777583937808,10.334555823146339,11.125,11.175000190734863,10.430000066757202,9.84000015258789,12.029999732971191
2019-12-04,11.40999984741211,11.449999809265137,11.3100004196167,11.350000381469728,263700,0,0,0.005314474740427899,2.3258196957583546,11.056666723887126,11.687433056264505,10.425900391509748,11.125,11.175000190734863,10.524999856948853,10.03499984741211,12.15999984741211
2019-12-05,11.399999618530272,11.529999732971191,11.329999923706056,11.460000038146973,290400,0,0,0.00969159938151476,2.348360608483281,11.09633337656657,11.671820430061603,10.520846323071536,11.125,11.175000190734863,10.549999713897705,10.03499984741211,12.09000015258789
2019-12-06,11.5600004196167,11.699999809265137,11.550000190734863,11.56999969482422,199800,0,0,0.009598573849135317,2.370901521208208,11.143666712443034,11.626750673511603,10.660582751374465,11.144999980926514,11.175000190734863,10.567499876022339,10.03499984741211,12.050000190734863
2019-12-09,11.510000228881836,11.760000228881836,11.510000228881836,11.630000114440918,354300,0,0,0.005185861814978043,2.383196688874115,11.164000034332275,11.674913675351336,10.653086393313215,11.265000343322754,11.175000190734863,10.572499752044678,10.03499984741211,12.15999984741211
2019-12-10,11.59000015258789,11.979999542236328,11.520000457763672,11.890000343322754,380000,0,0,0.022355995384642835,2.436475423051281,11.19633337656657,11.760968373935096,10.631698379198042,11.494999885559082,11.28499984741211,10.572499752044678,10.03499984741211,12.109999656677246
2019-12-11,11.869999885559082,12.210000038146973,11.869999885559082,12.199999809265137,338300,0,0,0.026072284019442726,2.4999999022874655,11.234666697184245,11.900683605981742,10.568649788386749,11.610000133514404,11.400000095367432,10.584999799728394,10.03499984741211,12.050000190734863
2019-12-12,12.25,12.6899995803833,12.25,12.609999656677246,373400,0,0,0.033606545395249876,2.5840162624918093,11.28933334350586,12.10969513274917,10.468971554262549,11.849999904632568,11.639999866485596,10.785000085830688,10.235000133514404,12.09000015258789
2019-12-13,12.619999885559082,12.630000114440918,12.229999542236328,12.380000114440918,376800,0,0,-0.01823945666124893,2.5368852098601273,11.338666693369548,12.233552552832084,10.443780833907013,11.919999599456787,11.639999866485596,10.822500228881836,10.235000133514404,12.06999969482422
2019-12-16,12.5,12.850000381469728,12.4399995803833,12.81999969482422,457600,0,0,0.035541161253306974,2.627049056184896,11.399333349863689,12.429713745339429,10.368952954387948,12.080000400543213,11.720000267028809,10.942500114440918,10.235000133514404,11.789999961853027
2019-12-17,12.789999961853027,13.350000381469728,12.789999961853027,13.300000190734863,500100,0,0,0.037441537233767086,2.7254098112369753,11.467000007629395,12.699809919041416,10.234190096217374,12.340000152587892,11.970000267028809,10.957500219345093,10.235000133514404,11.619999885559082
2019-12-18,13.390000343322754,13.710000038146973,13.149999618530272,13.56999969482422,475800,0,0,0.020300714302052825,2.780737577170909,11.53566665649414,12.980206527128162,10.091126785860117,12.610000133514404,12.150000095367432,10.975000143051147,10.235000133514404,11.770000457763672
2019-12-19,13.5600004196167,13.729999542236328,12.989999771118164,13.4399995803833,302200,0,0,-0.009579964433639843,2.754098210082326,11.605333296457927,13.200086453775247,10.010580139140606,12.619999885559082,12.15999984741211,10.975000143051147,10.235000133514404,11.56999969482422
2019-12-20,13.40999984741211,13.5600004196167,13.100000381469728,13.149999618530272,861400,0,0,-0.021577378787742352,2.6946719897847364,11.668333276112874,13.349920963218718,9.986745589007029,12.625,12.15999984741211,11.005000114440918,10.235000133514404,11.609999656677246
2019-12-23,13.279999732971191,13.279999732971191,12.989999771118164,13.050000190734863,278600,0,0,-0.007604519444585733,2.674180304241638,11.72533327738444,13.472739529086345,9.977927025682535,12.799999713897705,12.15999984741211,11.045000076293945,10.235000133514404,11.829999923706056
2019-12-24,13.06999969482422,13.140000343322754,12.619999885559082,13.09000015258789,111700,0,0,0.003065131131678056,2.6823770175438892,11.779999955495198,13.590582479099234,9.969417431891161,12.979999542236328,12.15999984741211,11.087500095367432,10.315000057220459,12.079999923706056
2019-12-26,13.06999969482422,13.130000114440918,12.890000343322754,12.970000267028809,116800,0,0,-0.009167294435467044,2.6577868776371343,11.830999978383382,13.685763700857976,9.976236255908788,12.979999542236328,12.15999984741211,10.980000257492065,10.450000286102295,12.510000228881836
2019-12-27,12.93000030517578,12.93000030517578,12.720000267028809,12.859999656677246,269000,0,0,-0.00848115713853892,2.635245769487147,11.881999969482422,13.762644952082429,10.001354986882415,13.084999561309814,12.15999984741211,10.975000143051147,10.450000286102295,12.640000343322754
2019-12-30,12.859999656677246,13.020000457763672,12.850000381469728,13.0,463800,0,0,0.010886496660990286,2.6639343637575577,11.942666625976562,13.845951730758234,10.03938152119489,13.174999713897705,12.15999984741211,10.977500200271606,10.510000228881836,12.600000381469728
2019-12-31,13.039999961853027,13.109999656677246,12.890000343322754,12.970000267028809,212800,0,0,-0.0023076717670147406,2.657786877637134,12.004333305358887,13.916802629651274,10.091863981066501,13.174999713897705,12.15999984741211,10.982500076293945,10.615000247955322,12.56999969482422
2020-01-02,13.100000381469728,13.100000381469728,12.760000228881836,12.890000343322754,151300,0,0,-0.006168074175713301,2.6413934510326307,12.068999989827473,13.965727346041698,10.172272633613249,13.174999713897705,12.15999984741211,11.000000238418579,10.630000114440918,12.529999732971191
2020-01-03,12.770000457763672,12.779999732971191,12.619999885559082,12.649999618530272,205200,0,0,-0.018619140294810488,2.5922129757940606,12.127333323160807,13.984142697486073,10.27052394883554,13.09000015258789,12.25,10.992500066757202,10.630000114440918,12.90999984741211
2020-01-06,12.539999961853027,12.56999969482422,12.40999984741211,12.470000267028809,146700,0,0,-0.014229198176242797,2.555327863646459,12.182999992370606,13.976765670185376,10.389234314555836,12.84499979019165,12.369999885559082,10.97000002861023,10.630000114440918,13.239999771118164
2020-01-07,12.460000038146973,12.460000038146973,12.170000076293944,12.239999771118164,261400,0,0,-0.018444305612308254,2.508196615589717,12.234999974568685,13.940295069074105,10.529704880063266,12.65500020980835,12.369999885559082,10.985000133514404,10.630000114440918,13.15999984741211
2020-01-08,12.220000267028809,12.31999969482422,12.170000076293944,12.260000228881836,287700,0,0,0.001634024357652919,2.5122950699533733,12.28766663869222,13.892901150179854,10.682432127204587,12.650000095367432,12.369999885559082,10.985000133514404,10.630000114440918,13.279999732971191
2020-01-09,12.380000114440918,12.380000114440918,12.079999923706056,12.119999885559082,214300,0,0,-0.011419277382470505,2.4836064756829623,12.329666646321614,13.847391570102607,10.811941722540622,12.59499979019165,12.4399995803833,11.022500276565552,10.630000114440918,13.359999656677246
2020-01-10,12.140000343322754,12.140000343322754,11.920000076293944,12.029999732971191,190700,0,0,-0.007425755234133691,2.465163821896631,12.352666632334392,13.830346245371503,10.874987019297281,12.514999866485596,12.519999980926514,11.150000095367432,10.630000114440918,13.510000228881836
2020-01-13,12.0600004196167,12.1899995803833,11.949999809265137,12.15999984741211,128500,0,0,0.010806327292312456,2.491803188985214,12.387333297729493,13.795309200140082,10.979357395318903,12.514999866485596,12.529999732971191,11.150000095367432,10.630000114440918,13.529999732971191
2020-01-14,12.0600004196167,12.119999885559082,11.880000114440918,12.09000015258789,269200,0,0,-0.0057565539229110785,2.477458989562539,12.420666631062826,13.749853117514583,11.091480144611069,12.490000247955322,12.619999885559082,11.150000095367432,10.630000114440918,13.649999618530272
2020-01-15,11.989999771118164,12.15999984741211,11.979999542236328,12.050000190734863,196600,0,0,-0.0033085162405448454,2.4692622762602876,12.45199998219808,13.69838431760135,11.20561564679481,12.329999923706055,12.619999885559082,11.160000085830688,10.630000114440918,13.609999656677246
2020-01-16,12.0600004196167,12.199999809265137,12.050000190734863,12.15999984741211,163200,0,0,0.00912860206938615,2.4918031889852146,12.480999978383382,13.656823575944612,11.305176380822152,12.224999904632568,12.625,11.220000267028809,10.630000114440918,13.40999984741211
2020-01-17,12.25,12.279999732971191,12.050000190734863,12.109999656677246,173200,0,0,-0.004111857842292954,2.4815572485011352,12.506333287556966,13.614843480195557,11.397823094918376,12.170000076293945,12.799999713897705,11.389999866485596,10.739999771118164,13.399999618530272
2020-01-21,12.050000190734863,12.149999618530272,11.970000267028809,12.050000190734863,199200,0,0,-0.004954539029181526,2.469262276260288,12.525999959309896,13.579477204993923,11.47252271362587,12.130000114440918,12.804999828338623,11.505000114440918,10.855000019073486,12.720000267028809
2020-01-22,12.0600004196167,12.140000343322754,11.90999984741211,12.09000015258789,142300,0,0,0.0033194988564217986,2.4774589895625394,12.543333307902019,13.54968011333943,11.536986502464607,12.130000114440918,12.804999828338623,11.744999885559082,11.09499979019165,12.170000076293944
2020-01-23,11.979999542236328,12.149999618530272,11.5600004196167,12.06999969482422,221200,0,0,-0.0016542975608969668,2.473360535198884,12.557999960581462,13.52291206304802,11.593087858114904,11.920000076293945,12.644999980926514,11.779999732971191,11.09499979019165,12.6899995803833
2020-01-24,12.06999969482422,12.15999984741211,11.729999542236328,11.789999961853027,161700,0,0,-0.02319799006219203,2.415983542083122,12.55466661453247,13.52936339802682,11.57996983103812,11.920000076293945,12.644999980926514,11.90000033378601,11.175000190734863,12.210000038146973
2020-01-27,11.56999969482422,11.729999542236328,11.470000267028809,11.619999885559082,180600,0,0,-0.014419005669549345,2.381147461692288,12.535333283742268,13.558861721329805,11.511804846154732,11.875,12.599999904632568,12.15500020980835,11.455000400543213,11.75
2020-01-28,11.670000076293944,11.800000190734863,11.630000114440918,11.770000457763672,179600,0,0,0.012908827339233042,2.4118852831445268,12.50733331044515,13.566270464574233,11.448396156316067,11.875,12.599999904632568,12.380000114440918,11.670000076293945,11.140000343322754
2020-01-29,11.729999542236328,11.829999923706056,11.5600004196167,11.56999969482422,181100,0,0,-0.016992417600759535,2.370901521208209,12.480333296457927,13.590598786480491,11.370067806435362,11.875,12.515000343322754,12.389999866485596,11.679999828338623,11.199999809265137
2020-01-30,11.5,11.670000076293944,11.399999618530272,11.609999656677246,182100,0,0,0.0034572137344930365,2.3790982345104603,12.439999961853028,13.585112983147642,11.294886940558413,11.839999675750732,12.339999675750732,12.392499923706055,11.679999828338623,9.31999969482422
2020-01-31,11.40999984741211,11.899999618530272,11.40999984741211,11.829999923706056,400800,0,0,0.018949205300129446,2.4241802553853744,12.390999952952066,13.510401443782408,11.271598462121725,11.779999732971191,12.269999980926514,12.479999780654907,11.699999809265137,9.40999984741211
2020-02-03,11.890000343322754,12.149999618530272,11.890000343322754,12.079999923706056,245600,0,0,0.021132713576694773,2.4754097623807123,12.341333293914795,13.376674723700027,11.305991864129563,11.779999732971191,12.264999866485596,12.569999694824219,11.739999771118164,8.899999618530273
2020-02-04,12.149999618530272,12.56999969482422,12.149999618530272,12.510000228881836,673700,0,0,0.03559605197777671,2.563524576948712,12.310333315531413,13.26531098636928,11.355355644693544,11.984999656677246,12.25499963760376,12.569999694824219,11.739999771118164,7.550000190734863
2020-02-05,12.68000030517578,12.800000190734863,12.579999923706056,12.640000343322754,198800,0,0,0.010391695608509055,2.590163944037295,12.293333339691163,13.205383102203545,11.381283577178781,12.099999904632568,12.25499963760376,12.622499704360962,11.794999599456787,7.510000228881836
2020-02-06,12.65999984741211,12.800000190734863,12.510000228881836,12.600000381469728,249300,0,0,-0.003164553858114094,2.5819672307350436,12.27833334604899,13.15443505136328,11.402231640734701,12.099999904632568,12.25499963760376,12.667499780654907,11.804999828338623,5.25
2020-02-07,12.529999732971191,12.649999618530272,12.420000076293944,12.56999969482422,533500,0,0,-0.0023810068045416743,2.5758195491895597,12.260999997456869,13.09187802293208,11.430121971981658,12.099999904632568,12.25,12.667499780654907,11.854999542236328,4.630000114440918
2020-02-10,12.520000457763672,12.68000030517578,12.510000228881836,12.529999732971191,197700,0,0,-0.0031821768356525837,2.5676228358873074,12.24633331298828,13.041631565233361,11.4510350607432,12.099999904632568,12.099999904632568,12.667499780654907,11.889999866485596,3.5799999237060547
2020-02-11,12.600000381469728,12.9399995803833,12.579999923706056,12.90999984741211,274500,0,0,0.030327224464418157,2.645491709971228,12.247999986012777,13.048592673577623,11.447407298447931,12.169999599456787,12.169999599456787,12.670000076293945,11.899999618530273,4.579999923706055
2020-02-12,13.039999961853027,13.260000228881836,13.0,13.239999771118164,188500,0,0,0.025561574562853684,2.7131146435710685,12.255999978383382,13.090350301925923,11.421649654840841,12.335000038146973,12.329999923706055,12.607499837875366,11.899999618530273,3.990000009536743
2020-02-13,13.15999984741211,13.220000267028809,12.960000038146973,13.15999984741211,188800,0,0,-0.0060422904145789325,2.6967212169665653,12.262333297729493,13.120648264502854,11.40401833095613,12.575000286102295,12.329999923706055,12.512500047683716,11.924999713897705,4.119999885559082
2020-02-14,13.15999984741211,13.3100004196167,13.079999923706056,13.279999732971191,269200,0,0,0.009118532443044058,2.7213113568733203,12.27533327738444,13.181443384942046,11.369223169826835,12.730000019073486,12.355000019073486,12.509999990463257,11.924999713897705,4.860000133514404
2020-02-18,13.239999771118164,13.369999885559082,13.130000114440918,13.359999656677246,174600,0,0,0.006024090761646228,2.737704783477824,12.298999945322672,13.276785291911064,11.32121459873428,12.894999980926514,12.384999752044678,12.517499685287476,12.0,5.409999847412109
2020-02-19,13.420000076293944,13.550000190734863,13.31999969482422,13.510000228881836,164700,0,0,0.011227588028388968,2.768442604930063,12.333666610717774,13.402162426219276,11.265170795216273,12.985000133514404,12.474999904632568,12.517499923706055,12.15999984741211,5.760000228881836
2020-02-20,13.489999771118164,13.630000114440918,13.359999656677246,13.529999732971191,495000,0,0,0.0014803481680629726,2.7725408638686586,12.376666609446207,13.526781533607172,11.226551685285242,13.025000095367432,12.514999866485596,12.522499799728394,12.15999984741211,5.769999980926514
2020-02-21,13.520000457763672,13.68000030517578,13.359999656677246,13.649999618530272,225800,0,0,0.008869171317620328,2.7971310037754127,12.422999922434489,13.658804109961945,11.187195734907032,13.095000267028809,12.539999961853026,12.555000066757202,12.15999984741211,5.800000190734863
2020-02-24,13.40999984741211,13.6899995803833,12.90999984741211,13.609999656677246,434700,0,0,-0.0029304002176472332,2.7889342904731613,12.472666581471762,13.773393910313379,11.171939252630144,13.134999752044678,12.544999599456787,12.474999904632568,12.15999984741211,6.070000171661377
2020-02-25,13.59000015258789,13.649999618530272,13.329999923706056,13.40999984741211,417800,0,0,-0.014695063505531736,2.747950723961903,12.518666585286459,13.850549098584462,11.186784071988455,13.299999713897705,12.544999599456787,12.424999952316284,12.15999984741211,5.409999847412109
2020-02-26,13.4399995803833,13.529999732971191,13.270000457763672,13.399999618530272,707700,0,0,-0.0007457292315903308,2.7459014967800752,12.559999910990397,13.921240337414275,11.19875948456652,13.299999713897705,12.544999599456787,12.484999895095825,12.15999984741211,5.079999923706055
2020-02-27,13.170000076293944,13.239999771118164,12.720000267028809,12.720000267028809,541100,0,0,-0.05074622170594112,2.606557370641798,12.580999914805094,13.93205572034795,11.229944109262238,13.204999923706055,12.544999599456787,12.46749997138977,12.15999984741211,4.699999809265137
2020-02-28,12.329999923706056,12.579999923706056,11.899999618530272,12.170000076293944,563300,0,0,-0.04323900779786194,2.493852416167043,12.584999910990398,13.930478983321414,11.23952083865938,12.794999599456787,12.544999599456787,12.46749997138977,12.15999984741211,5.5
2020-03-02,12.260000228881836,12.710000038146973,12.140000343322754,12.6899995803833,348400,0,0,0.04272797870414724,2.6004096890963146,12.602666568756103,13.939306696592535,11.26602644091967,12.794999599456787,12.544999599456787,12.28250002861023,12.15999984741211,5.449999809265137
2020-03-03,12.619999885559082,12.890000343322754,12.100000381469728,12.210000038146973,394700,0,0,-0.03782502427961698,2.5020491294692953,12.605999914805095,13.938229140357638,11.27377068925255,12.794999599456787,12.544999599456787,12.28250002861023,12.15999984741211,5.75
2020-03-04,12.369999885559082,12.369999885559082,11.510000228881836,11.75,453500,0,0,-0.037674040680575116,2.4077868287808712,12.595999908447265,13.94897853988696,11.24302127700757,12.599999904632568,12.544999599456787,12.237499952316284,12.15999984741211,6.909999847412109
2020-03-05,11.5,11.6899995803833,11.039999961853027,11.140000343322754,414400,0,0,-0.051914864398063476,2.282786902065269,12.564333248138428,14.004289789319571,11.124376706957285,12.364999771118164,12.364999771118164,12.237499952316284,12.15999984741211,6.550000190734863
2020-03-06,10.760000228881836,11.329999923706056,10.75,11.199999809265137,363700,0,0,0.005385948302806476,2.295081874306116,12.535333251953125,14.046736664251812,11.023929839654437,12.199999809265137,12.21999979019165,12.195000171661377,12.15999984741211,6.340000152587891
2020-03-09,10.68000030517578,10.770000457763672,9.25,9.31999969482422,389000,0,0,-0.16785715593367212,1.9098359582501698,12.452999909718832,14.338026359246843,10.56797346019082,11.389999866485596,11.46999979019165,12.089999675750732,12.15999984741211,5.929999828338623
2020-03-10,9.539999961853027,9.729999542236328,9.039999961853027,9.40999984741211,392200,0,0,0.0096566690488058,1.9282786120365005,12.379333241780598,14.539537452101577,10.21912903145962,11.139999866485596,11.364999771118164,12.024999856948853,12.15999984741211,5.559999942779541
2020-03-11,9.130000114440918,9.350000381469728,8.720000267028809,8.899999618530273,357900,0,0,-0.054197687263735084,1.8237703708639972,12.283666547139486,14.770545110231174,9.796787984047798,10.805000305175781,11.204999923706055,12.022499799728394,12.15999984741211,6.269999980926514
2020-03-12,8.289999961853027,8.529999732971191,7.389999866485596,7.550000190734863,414600,0,0,-0.15168533546727792,1.54713115034421,12.149666563669841,15.152007100121782,9.1473260272179,10.140000104904175,10.539999723434448,12.119999647140503,12.15999984741211,6.289999961853027
2020-03-13,8.010000228881836,8.229999542236328,7.300000190734863,7.510000228881836,593700,0,0,-0.005298008058610915,1.5389344370419584,12.01299991607666,15.441240763221325,8.584759068931996,10.095000267028809,10.494999885559082,12.177499771118164,12.15999984741211,5.889999866485596
2020-03-16,4.0,6.980000019073486,4.0,5.25,570800,0,0,-0.30093211185139035,1.0758196469020913,11.793666585286458,15.990821081140997,7.596512089431919,8.184999942779541,8.84499979019165,12.177499771118164,12.15999984741211,5.880000114440918
2020-03-17,5.420000076293945,5.510000228881836,4.449999809265137,4.630000114440918,748300,0,0,-0.11809521629696795,0.9487704930046611,11.545333258310954,16.460434931426548,6.630231585195359,7.84499979019165,8.84499979019165,12.174999952316284,12.15999984741211,5.869999885559082
2020-03-18,4.449999809265137,4.579999923706055,3.569999933242798,3.5799999237060547,808100,0,0,-0.2267818930414115,0.7336065245392308,11.24766658147176,16.912251639307634,5.583081523635887,7.449999928474427,8.62999975681305,12.099999904632568,12.15999984741211,5.960000038146973
2020-03-19,3.569999933242798,4.679999828338623,3.359999895095825,4.579999923706055,920600,0,0,0.2793296148913851,0.9385245525205815,10.978999900817872,17.097262806514088,4.860736995121654,7.0650001764297485,8.524999737739563,12.169999599456787,12.25,6.329999923706055
2020-03-20,4.639999866485596,4.809999942779541,3.650000095367432,3.990000009536743,1464800,0,0,-0.1288209441042728,0.8176229335998401,10.691999888420105,17.266824197400837,4.1171755794393725,6.544999718666077,8.524999737739563,12.332499980926514,12.369999885559082,6.679999828338623
2020-03-23,4.050000190734863,4.139999866485596,3.609999895095825,4.119999885559082,1121800,0,0,0.032581422484114775,0.8442622518321578,10.410333228111266,17.35060097665363,3.470065479568902,6.355000138282777,8.524999737739563,12.452500104904175,12.369999885559082,7.570000171661377
2020-03-24,4.429999828338623,4.869999885559082,4.239999771118164,4.860000133514404,576100,0,0,0.17961171565782807,0.9959016433488729,10.15466657479604,17.323573991823594,2.9857591577684888,5.944999814033508,8.524999737739563,12.542500019073486,12.369999885559082,6.96999979019165
2020-03-25,5.0,5.5,4.809999942779541,5.409999847412109,506800,0,0,0.11316866230206957,1.1086065001110976,9.90466657479604,17.193102026230896,2.6162311233611844,5.794999718666077,8.524999737739563,12.639999866485596,12.4399995803833,7.53000020980835
2020-03-26,5.510000228881836,6.059999942779541,5.440000057220459,5.760000228881836,701000,0,0,0.06469508157881942,1.1803278880745947,9.655333256721496,16.981735998284993,2.3289305151579995,5.169999957084656,8.524999737739563,12.730000019073486,12.519999980926514,7.010000228881836
2020-03-27,5.75,5.960000038146973,5.449999809265137,5.769999980926514,520400,0,0,0.0017360679943270174,1.1823770175438926,9.408999927838643,16.744371914631888,2.073627941045398,4.709999918937683,8.524999737739563,12.769999980926514,12.529999732971191,6.909999847412109
2020-03-30,5.800000190734863,5.889999866485596,5.480000019073486,5.800000190734863,619500,0,0,0.005199343138218238,1.1885246013768465,9.159666609764098,16.460421255452818,1.8589119640753777,4.709999918937683,8.524999737739563,12.817500114440918,12.5649995803833,6.550000190734863
2020-03-31,5.800000190734863,6.070000171661377,5.71999979019165,6.070000171661377,538700,0,0,0.04655171931853075,1.24385246502331,8.916666626930237,16.127338186622485,1.705995067237989,4.715000033378601,8.50499975681305,12.839999675750732,12.5649995803833,6.659999847412109
2020-04-01,5.75,5.820000171661377,5.25,5.409999847412109,605600,0,0,-0.10873151657071922,1.108606500111098,8.64666661421458,15.755680795544361,1.537652432884797,4.840000033378601,8.444999814033508,12.922499656677246,12.5649995803833,7.179999828338623
2020-04-02,5.199999809265137,5.440000057220459,4.840000152587891,5.079999923706055,334400,0,0,-0.060998139189211154,1.040983566511257,8.364999953905741,15.347046082049726,1.3829538257617573,4.840000033378601,8.299999833106995,12.922499656677246,12.5649995803833,7.03000020980835
2020-04-03,5.019999980926514,5.070000171661377,4.519999980926514,4.699999809265137,316500,0,0,-0.07480317325746988,0.9631146924273365,8.066666626930237,14.883894659833164,1.2494385940273114,5.1549999713897705,8.12500011920929,12.874999761581421,12.5649995803833,6.420000076293945
2020-04-06,5.03000020980835,5.5,4.960000038146973,5.5,415800,0,0,0.17021281344688965,1.1270491538974292,7.796333305040995,14.352724897017096,1.2399417130648942,5.295000076293945,8.12500011920929,12.669999599456787,12.5649995803833,5.880000114440918
2020-04-07,5.760000228881836,6.079999923706055,5.309999942779541,5.449999809265137,453900,0,0,-0.009090943769975102,1.1168032134133496,7.530999970436096,13.796879010733939,1.2651209301382549,5.299999952316284,8.12500011920929,12.669999599456787,12.5649995803833,5.619999885559082
2020-04-08,5.639999866485596,5.760000228881836,5.519999980926514,5.75,412900,0,0,0.05504590848330948,1.178278660892767,7.2759999831517534,13.180244085469582,1.3717558808339252,5.299999952316284,7.864999890327454,12.669999599456787,12.5649995803833,5.860000133514404
2020-04-09,5.829999923706055,6.960000038146973,5.829999923706055,6.909999847412109,514300,0,0,0.20173910389775807,1.415983542083124,7.082333302497863,12.632359225528536,1.5323073794671904,5.740000009536743,7.524999737739563,12.572499752044678,12.5649995803833,6.699999809265137
2020-04-13,7.119999885559082,7.420000076293945,6.380000114440918,6.550000190734863,346700,0,0,-0.052098359569728636,1.3422131223628593,6.894999972979227,12.117258874019193,1.672741071939261,5.9700000286102295,7.344999909400941,12.364999771118164,12.384999752044678,6.400000095367432
2020-04-14,6.78000020980835,6.829999923706055,6.099999904632568,6.340000152587891,468600,0,0,-0.03206107359264243,1.2991803286697732,6.683333325386047,11.446333110245586,1.9203335405265074,5.9700000286102295,7.0650001764297485,12.209999799728394,12.21999979019165,6.869999885559082
2020-04-15,6.050000190734863,6.349999904632568,5.78000020980835,5.929999828338623,498000,0,0,-0.06466881930308976,1.215163870752899,6.473999985059103,10.779933225988094,2.168066744130112,5.9700000286102295,6.544999718666077,11.429999828338623,11.46999979019165,7.159999847412109
2020-04-16,5.929999828338623,5.960000038146973,5.380000114440918,5.559999942779541,400800,0,0,-0.06239458621750804,1.1393442238508062,6.267666649818421,10.11410732432289,2.4212259753139516,5.9700000286102295,6.355000138282777,11.25249981880188,11.364999771118164,7.449999809265137
2020-04-17,5.860000133514404,6.400000095367432,5.860000133514404,6.269999980926514,396500,0,0,0.1276978499017809,1.2848360315345675,6.105333304405212,9.503217423783203,2.70744918502722,6.190000057220459,5.944999814033508,11.005000114440918,11.204999923706055,7.809999942779541
2020-04-20,6.099999904632568,6.489999771118164,6.019999980926514,6.289999961853027,279400,0,0,0.003189789631157014,1.2889343881856934,5.941666642824809,8.771042261026597,3.1122910246230213,6.365000009536743,5.794999718666077,10.339999914169312,10.539999723434448,8.569999694824219
2020-04-21,6.119999885559082,6.28000020980835,5.599999904632568,5.889999866485596,390400,0,0,-0.06359302031690184,1.206967157450647,5.827333315213521,8.365420086957275,3.2892465434697677,6.400000095367432,5.389999985694885,10.295000076293945,10.494999885559082,8.289999961853027
2020-04-22,6.070000171661377,6.150000095367432,5.829999923706055,5.880000114440918,235200,0,0,-0.0016977508100767258,1.2049180279813492,5.709666657447815,7.874597100055718,3.544736214839911,6.400000095367432,5.389999985694885,8.514999866485596,8.84499979019165,8.800000190734863
2020-04-23,5.949999809265137,6.190000057220459,5.789999961853027,5.869999885559082,284300,0,0,-0.0017007191644904385,1.2028688007995212,5.608666666348776,7.425667172495443,3.7916661602021087,6.400000095367432,5.389999985694885,8.34499979019165,8.84499979019165,8.260000228881836
2020-04-24,5.929999828338623,6.010000228881836,5.599999904632568,5.960000038146973,296800,0,0,0.015332223908436804,1.2213114545858523,5.555666661262512,7.231206324782167,3.880126997742857,6.105000019073486,5.389999985694885,8.039999842643738,8.62999975681305,8.420000076293945
2020-04-27,6.090000152587891,6.46999979019165,5.869999885559082,6.329999923706055,380100,0,0,0.06208051731390918,1.297131101487945,5.5163333177566525,7.057358168648213,3.9753084668650915,5.934999942779541,5.514999985694885,7.794999957084656,8.524999737739563,8.960000038146973
2020-04-28,6.550000190734863,6.800000190734863,6.429999828338623,6.679999828338623,465200,0,0,0.05529224468420724,1.3688523917389117,5.563999978701274,7.156391397372413,3.971608560030134,6.090000152587891,5.514999985694885,7.53499972820282,8.524999737739563,9.699999809265137
2020-04-29,7.059999942779541,7.78000020980835,6.909999847412109,7.570000171661377,582200,0,0,0.13323358775356509,1.5512295069953355,5.6619999806086225,7.369349797081228,3.9546501641360168,6.690000057220459,6.009999990463257,7.439999938011169,8.524999737739563,10.93000030517578
2020-04-30,7.269999980926514,7.269999980926514,6.809999942779541,6.96999979019165,301700,0,0,-0.07926028637566662,1.428278612036501,5.774999976158142,7.361416817958887,4.188583134357398,6.690000057220459,6.150000095367432,7.234999775886536,8.524999737739563,10.979999542236328
2020-05-01,7.309999942779541,7.78000020980835,6.920000076293945,7.53000020980835,418400,0,0,0.08034439547684702,1.5430327936930837,5.873333319028219,7.515627498669156,4.231039139387281,6.690000057220459,6.150000095367432,7.15999972820282,8.524999737739563,10.149999618530272
2020-05-04,7.449999809265137,7.449999809265137,6.760000228881836,7.010000228881836,492700,0,0,-0.06905710045654145,1.4364754230512826,5.973999993006388,7.509626651415401,4.438373334597376,6.690000057220459,6.150000095367432,6.847499847412109,8.524999737739563,9.81999969482422
2020-05-05,7.190000057220459,7.489999771118164,6.809999942779541,6.909999847412109,328300,0,0,-0.014265389187537503,1.4159835420831235,6.066999991734822,7.475721135087609,4.658278848382036,6.690000057220459,6.150000095367432,6.617499828338623,8.524999737739563,8.960000038146973
2020-05-06,6.949999809265137,7.019999980926514,6.420000076293945,6.550000190734863,365600,0,0,-0.052098359569728636,1.3422131223628588,6.123333326975504,7.468621443012275,4.778045210938734,6.690000057220459,6.150000095367432,6.617499828338623,8.524999737739563,8.989999771118164
2020-05-07,6.659999847412109,6.840000152587891,6.579999923706055,6.659999847412109,286000,0,0,0.016793840225049594,1.3647540350877856,6.164999993642171,7.496783413803515,4.8332165734808274,6.825000047683716,6.150000095367432,6.609999895095825,8.524999737739563,9.630000114440918
2020-05-08,6.829999923706055,7.21999979019165,6.809999942779541,7.179999828338623,311100,0,0,0.07807807700304537,1.4713114057295866,6.212333313624064,7.583277514247882,4.841389113000245,7.1000001430511475,6.150000095367432,6.642499923706055,8.524999737739563,9.729999542236328
2020-05-11,7.050000190734863,7.300000190734863,6.849999904632568,7.03000020980835,387700,0,0,-0.020891312272493745,1.440573779702408,6.254333321253458,7.645421030202677,4.86324561230424,7.1000001430511475,6.150000095367432,6.569999933242798,8.524999737739563,9.130000114440918
2020-05-12,6.929999828338623,7.010000228881836,6.380000114440918,6.420000076293945,449300,0,0,-0.08677099791025955,1.3155737552742757,6.2749999841054285,7.656925908883792,4.8930740593270645,7.080000162124634,6.370000123977661,6.64000004529953,8.524999737739563,9.199999809265137
2020-05-13,6.269999980926514,6.380000114440918,5.800000190734863,5.880000114440918,430200,0,0,-0.084112142591243,1.2049180279813487,6.2686666488647464,7.655988282723517,4.881345015005976,6.7900002002716064,6.545000076293945,6.710000097751617,8.524999737739563,9.09000015258789
2020-05-14,5.659999847412109,5.75,5.289999961853027,5.619999885559082,400900,0,0,-0.044217725139714115,1.151639293804183,6.275666650136312,7.647721622038968,4.9036116782336565,6.389999866485596,6.5350000858306885,6.712500035762787,8.524999737739563,9.770000457763672
2020-05-15,5.599999904632568,5.980000019073486,5.510000228881836,5.860000133514404,340300,0,0,0.04270467132428535,1.2008196713302228,6.301666657129924,7.610618926611362,4.992714387648485,6.389999866485596,6.5350000858306885,6.582499921321869,8.524999737739563,9.300000190734863
2020-05-18,6.239999771118164,6.800000190734863,6.199999809265137,6.699999809265137,465900,0,0,0.14334465129900287,1.372950748390037,6.36833332379659,7.541740659445338,5.194925988147842,6.295000076293945,6.5350000858306885,6.632499873638153,8.524999737739563,8.770000457763672
2020-05-19,6.639999866485596,6.809999942779541,6.400000095367432,6.400000095367432,309000,0,0,-0.0447760779758305,1.3114753986231498,6.3983333269755045,7.526854033283959,5.26981262066705,6.295000076293945,6.5350000858306885,6.657499969005585,8.524999737739563,9.210000038146973
2020-05-20,6.650000095367432,6.920000076293945,6.579999923706055,6.869999885559082,402600,0,0,0.07343746612314184,1.4077868287808712,6.445666662851969,7.529636872736513,5.361696452967425,6.295000076293945,6.5350000858306885,6.517500102519989,8.524999737739563,8.739999771118164
2020-05-21,6.849999904632568,7.28000020980835,6.849999904632568,7.159999847412109,268500,0,0,0.04221251334554088,1.4672130490784605,6.492666657765707,7.5741930121334216,5.411140303397992,6.295000076293945,6.5350000858306885,6.257499873638153,8.524999737739563,9.300000190734863
2020-05-22,7.309999942779541,7.46999979019165,7.179999828338623,7.449999809265137,305900,0,0,0.0405027888314613,1.5266392693760498,6.5106666564941404,7.636164763680296,5.385168549307985,6.379999876022339,6.5350000858306885,6.162500083446503,8.524999737739563,9.800000190734863
2020-05-26,7.840000152587891,7.980000019073486,7.75,7.809999942779541,581600,0,0,0.04832216680954704,1.6004097868088443,6.552666648228963,7.770522867004903,5.334810429453023,6.634999990463257,6.634999990463257,6.067499935626984,8.524999737739563,9.170000076293944
2020-05-27,8.130000114440918,8.640000343322754,7.869999885559082,8.569999694824219,460200,0,0,0.09731110852917602,1.7561474372641552,6.626999966303507,8.039205378301626,5.2147945543053895,6.965000152587891,6.965000152587891,6.07999986410141,8.524999737739563,9.130000114440918
2020-05-28,8.770000457763672,8.770000457763672,8.260000228881836,8.289999961853027,419500,0,0,-0.0326720820235612,1.698770444148394,6.705666637420654,8.212891981976831,5.198441292864476,7.140000343322754,7.03000020980835,5.8950000405311584,8.524999737739563,8.979999542236328
2020-05-29,8.109999656677246,8.829999923706055,7.909999847412109,8.800000190734863,637600,0,0,0.06151993139066758,1.803278685320897,6.8136666456858315,8.43617766730147,5.191155624070193,7.514999866485596,7.059999942779541,5.8950000405311584,8.524999737739563,8.65999984741211
2020-06-01,8.8100004196167,8.8100004196167,8.069999694824219,8.260000228881836,483000,0,0,-0.061363630698732186,1.6926229580279704,6.879999987284342,8.569085730460044,5.190914244108641,7.615000009536743,7.059999942779541,5.8950000405311584,8.524999737739563,8.640000343322754
2020-06-02,8.300000190734863,8.470000267028809,8.170000076293945,8.420000076293945,339500,0,0,0.019370441038567554,1.725409811236977,6.95099999109904,8.711973684274698,5.190026297923381,7.704999923706055,7.059999942779541,5.747500002384186,8.524999737739563,8.3100004196167
2020-06-03,8.649999618530273,9.15999984741211,8.550000190734863,8.960000038146973,288400,0,0,0.06413301151544748,1.836065538529904,7.053333330154419,8.909389315335975,5.197277344972862,8.004999876022339,7.224999904632568,5.724999964237213,8.524999737739563,8.539999961853027
2020-06-04,8.920000076293945,9.75,8.6899995803833,9.699999809265137,542000,0,0,0.08258925981781617,1.987704832334089,7.180666653315226,9.211937699938863,5.14939560669159,8.464999914169312,7.519999980926514,5.802500069141388,8.524999737739563,8.600000381469727
2020-06-05,10.15999984741211,10.970000267028809,10.109999656677246,10.93000030517578,599100,0,0,0.12680417732954852,2.239754108372181,7.349333333969116,9.725807057604138,4.972859610334094,9.360000133514404,8.130000114440918,6.350000023841858,8.524999737739563,8.359999656677246
2020-06-08,11.239999771118164,11.600000381469728,10.81999969482422,10.979999542236328,785600,0,0,0.004574495486232788,2.249999853431201,7.516666650772095,10.167482551412629,4.865850750131561,9.735000133514404,8.445000171661377,6.420000076293945,8.524999737739563,8.989999771118164
2020-06-09,10.68000030517578,10.770000457763672,10.09000015258789,10.149999618530272,583800,0,0,-0.0755919816310856,2.0799179058406843,7.643999973932902,10.41788692778832,4.870113020077485,9.755000114440918,8.445000171661377,6.420000076293945,8.524999737739563,8.869999885559082
2020-06-10,10.100000381469728,10.359999656677246,9.800000190734863,9.81999969482422,407900,0,0,-0.03251230897620816,2.012294972240844,7.748666636149088,10.604370886240211,4.892962386057964,9.755000114440918,8.445000171661377,6.420000076293945,8.524999737739563,8.819999694824219
2020-06-11,9.600000381469728,9.600000381469728,8.630000114440918,8.960000038146973,448300,0,0,-0.08757634250544055,1.8360655385299038,7.794999965031942,10.682327828389592,4.907672101674293,9.835000038146973,8.445000171661377,6.420000076293945,8.524999737739563,8.720000267028809
2020-06-12,9.59000015258789,9.6899995803833,8.720000267028809,8.989999771118164,660800,0,0,0.0033481844691369833,1.8422130246503272,7.862333297729492,10.763652282349641,4.961014313109343,9.885000228881836,8.445000171661377,6.420000076293945,8.524999737739563,9.100000381469728
2020-06-15,8.470000267028809,9.6899995803833,8.289999961853027,9.630000114440918,545000,0,0,0.07119025134782087,1.9733606329114133,7.932333294550578,10.898385715209084,4.966280873892071,9.945000171661377,8.445000171661377,6.487500071525574,8.50499975681305,8.84000015258789
2020-06-16,9.5600004196167,10.039999961853027,9.229999542236328,9.729999542236328,444300,0,0,0.010384156449328996,1.9938523184545123,8.022999938329061,11.036336042122308,5.009663834535814,9.945000171661377,8.445000171661377,6.6250001192092896,8.444999814033508,8.920000076293945
2020-06-17,9.869999885559082,9.869999885559082,9.109999656677246,9.130000114440918,251600,0,0,-0.06166489784412743,1.8709016189207381,8.096999947230021,11.106429794519165,5.087570099940876,9.945000171661377,8.445000171661377,6.6250001192092896,8.299999833106995,8.850000381469727
2020-06-18,9.020000457763672,9.359999656677246,9.010000228881836,9.199999809265137,235700,0,0,0.0076669982417088,1.8852458183434135,8.185333267847698,11.163553594205165,5.207112941490229,9.945000171661377,8.445000171661377,6.7250001430511475,8.12500011920929,8.680000305175781
2020-06-19,9.31999969482422,9.31999969482422,8.979999542236328,9.09000015258789,487800,0,0,-0.011956484669322198,1.8627049056184868,8.266333278020223,11.206389419183665,5.326277136856781,9.53000020980835,8.445000171661377,6.667500138282776,8.12500011920929,8.720000267028809
2020-06-22,8.949999809265137,9.800000190734863,8.859999656677246,9.770000457763672,541300,0,0,0.0748075130650232,2.0020492271818244,8.352666632334392,11.311973069518062,5.393360195150722,9.324999809265137,8.555000305175781,6.462499976158142,8.12500011920929,9.050000190734863
2020-06-23,9.890000343322754,10.029999732971191,9.279999732971191,9.300000190734863,347700,0,0,-0.048106473388680904,1.9057376993115729,8.428333298365276,11.364636582897159,5.492030013833394,9.164999961853027,8.900000095367432,6.462499976158142,7.864999890327454,8.779999732971191
2020-06-24,9.09000015258789,9.270000457763672,8.729999542236328,8.770000457763672,400600,0,0,-0.05698921743025387,1.797131199200474,8.506666644414265,11.348964124322743,5.664369164505787,9.164999961853027,9.000000238418579,6.415000081062317,7.524999737739563,9.43000030517578
2020-06-25,8.65999984741211,9.210000038146973,8.510000228881836,9.210000038146973,392900,0,0,0.05017098716269608,1.8872950455252415,8.617666641871134,11.297455175644926,5.937878108097342,9.164999961853027,9.09000015258789,6.415000081062317,7.344999909400941,8.970000267028809
2020-06-26,9.0,9.0,8.529999732971191,8.739999771118164,572700,0,0,-0.05103151629556035,1.7909835176549898,8.721666638056437,11.160908035036929,6.282425241075945,9.275000095367432,9.225000143051147,6.415000081062317,7.0650001764297485,9.210000038146973
2020-06-29,8.979999542236328,9.449999809265137,8.890000343322754,9.300000190734863,439700,0,0,0.06407327623362802,1.9057376993115727,8.836333306630452,11.04022676020371,6.632439853057194,9.269999980926514,9.390000104904175,6.415000081062317,6.544999718666077,9.640000343322754
2020-06-30,9.140000343322754,9.829999923706056,9.140000343322754,9.800000190734863,371600,0,0,0.053763439757573916,2.008196713302248,8.939666652679444,11.021289112909109,6.8580441924497775,9.269999980926514,9.675000190734863,6.457499980926514,6.355000138282777,9.81999969482422
2020-07-01,9.770000457763672,9.779999732971191,9.020000457763672,9.170000076293944,372900,0,0,-0.06428572471218275,1.8790983322229893,9.031999985376993,10.889925414093693,7.174074556660295,9.269999980926514,9.735000133514404,6.634999990463257,5.944999814033508,10.18000030517578
2020-07-02,9.369999885559082,9.579999923706056,9.029999732971191,9.130000114440918,364200,0,0,-0.004362045967309491,1.870901618920738,9.107333326339722,10.784060353027963,7.4306062996514815,9.269999980926514,9.755000114440918,6.965000152587891,6.0000001192092896,10.34000015258789
2020-07-06,9.43000030517578,9.43000030517578,8.930000305175781,8.979999542236328,421500,0,0,-0.016429416245826056,1.8401637974684992,9.167999982833862,10.683453196630756,7.652546769036969,9.269999980926514,9.755000114440918,7.085000276565552,6.0650001764297485,10.6899995803833
2020-07-07,8.850000381469727,8.920000076293945,8.630000114440918,8.65999984741211,276100,0,0,-0.035634711707850264,1.7745900910504864,9.208333317438761,10.59877698587026,7.817889649007263,9.170000076293945,9.835000038146973,7.287499904632568,6.09499990940094,10.460000038146973
2020-07-08,8.609999656677246,8.8100004196167,8.359999656677246,8.640000343322754,435600,0,0,-0.002309411598353739,1.7704918321118908,9.235999997456869,10.545220408880898,7.92677958603284,9.09499979019165,9.885000228881836,7.337499976158142,6.09499990940094,10.130000114440918
2020-07-09,8.609999656677246,8.619999885559082,8.210000038146973,8.3100004196167,474600,0,0,-0.03819443409641621,1.70286889851205,9.227333354949952,10.55721717989713,7.897449530002775,9.019999980926514,9.90500020980835,7.382499933242798,6.09499990940094,10.0600004196167
2020-07-10,8.289999961853027,8.579999923706055,8.210000038146973,8.539999961853027,616600,0,0,0.02767744050811216,1.7499999511437316,9.235666688283285,10.545059879316943,7.926273497249626,9.019999980926514,9.90500020980835,7.614999890327454,6.384999871253967,10.010000228881836
2020-07-13,8.720000267028809,8.819999694824219,8.399999618530273,8.600000381469727,396200,0,0,0.007025810290949952,1.7622951188096392,9.229000027974447,10.54912030521049,7.9088797507384045,9.019999980926514,9.90500020980835,7.992499947547913,6.679999947547913,9.59000015258789
2020-07-14,8.5600004196167,8.569999694824219,8.170000076293945,8.359999656677246,280300,0,0,-0.02790705978450958,1.7131146435710691,9.232333342234293,10.543182582899773,7.921484101568812,8.974999904632568,9.885000228881836,8.745000123977661,7.605000019073486,9.640000343322754
2020-07-15,8.6899995803833,9.079999923706056,8.600000381469727,8.989999771118164,329800,0,0,0.07535886845853246,1.842213024650327,9.251333332061767,10.530886410622086,7.971780253501448,8.875,9.470000267028809,9.09000015258789,8.06000018119812,9.380000114440918
2020-07-16,8.869999885559082,9.039999961853027,8.6899995803833,8.869999885559082,240000,0,0,-0.013348152237400601,1.8176228847435723,9.248333326975505,10.531002419048605,7.965664234902406,8.800000190734863,9.264999866485596,9.100000143051147,8.06000018119812,9.1899995803833
2020-07-17,8.829999923706055,8.979999542236328,8.670000076293945,8.819999694824219,189900,0,0,-0.005637000155576888,1.8073769442594927,9.218999989827473,10.499273616774214,7.9387263628807325,8.625,9.105000019073486,9.100000143051147,8.06000018119812,9.380000114440918
2020-07-20,8.739999771118164,8.829999923706055,8.649999618530273,8.720000267028809,256800,0,0,-0.011337803997214624,1.786885258716394,9.145333321889241,10.26903845084741,8.021628192931074,8.625,9.105000019073486,9.140000104904175,8.06000018119812,9.510000228881836
2020-07-21,8.880000114440918,9.15999984741211,8.850000381469727,9.100000381469728,271900,0,0,0.04357799344086466,1.8647541328003148,9.082666683197022,9.977925471272233,8.187407895121812,8.664999961853027,9.105000019073486,9.165000200271606,8.06000018119812,9.100000381469728
2020-07-22,9.010000228881836,9.010000228881836,8.65999984741211,8.84000015258789,191100,0,0,-0.028571452525570695,1.8114753986231489,9.039000034332275,9.845723500899577,8.232276567764973,8.664999961853027,9.105000019073486,9.195000171661377,8.06000018119812,9.359999656677246
2020-07-23,8.760000228881836,9.109999656677246,8.760000228881836,8.920000076293945,241300,0,0,0.009049764968910745,1.8278688252276523,9.009000047047932,9.76285756126734,8.255142532828524,8.664999961853027,9.099999904632568,9.195000171661377,8.06000018119812,9.449999809265137
2020-07-24,8.949999809265137,9.0,8.779999732971191,8.850000381469727,145200,0,0,-0.007847499352634735,1.813524625804977,9.005333391825358,9.761163133670102,8.249503649980614,8.664999961853027,9.099999904632568,9.195000171661377,8.06000018119812,9.5
2020-07-27,8.829999923706055,9.100000381469728,8.630000114440918,8.680000305175781,204100,0,0,-0.019209047340822072,1.7786885454141426,8.995000076293945,9.759750912397763,8.230249240190126,8.880000114440918,9.099999904632568,9.195000171661377,8.28000020980835,9.520000457763672
2020-07-28,8.640000343322754,8.90999984741211,8.600000381469727,8.720000267028809,220100,0,0,0.004608290374042534,1.7868852587163944,8.964666748046875,9.698008690198417,8.231324805895333,8.880000114440918,9.099999904632568,8.987500190734863,8.445000171661377,9.550000190734863
2020-07-29,8.720000267028809,9.09000015258789,8.6899995803833,9.050000190734863,222300,0,0,0.037844026789060736,1.8545081923162354,8.942000102996825,9.619585239209766,8.264414966783885,8.880000114440918,9.099999904632568,8.940000057220459,8.445000171661377,9.699999809265137
2020-07-30,8.8100004196167,8.859999656677246,8.609999656677246,8.779999732971191,311200,0,0,-0.02983430409648946,1.799180230957242,8.930333423614503,9.606628661229228,8.254038185999777,8.880000114440918,9.0,9.03250002861023,8.445000171661377,9.850000381469728
2020-07-31,9.350000381469728,10.579999923706056,9.020000457763672,9.43000030517578,774100,0,0,0.07403195808351404,1.9323770664001556,8.938000106811524,9.63124007311515,8.244760140507898,9.59000015258789,9.375,9.082500100135803,8.445000171661377,9.640000343322754
2020-08-03,9.529999732971191,9.8100004196167,8.920000076293945,8.970000267028809,422600,0,0,-0.04878049027151077,1.8381147657117323,8.93400011062622,9.625081256841879,8.242918964410562,9.59000015258789,9.375,9.127500057220459,8.445000171661377,9.510000228881836
2020-08-04,9.010000228881836,9.3100004196167,8.9399995803833,9.210000038146973,275300,0,0,0.026755826529942794,1.8872950455252417,8.91533342997233,9.542802353452242,8.287864506492419,9.59000015258789,9.375,9.25000011920929,8.445000171661377,9.279999732971191
2020-08-05,9.279999732971191,9.6899995803833,9.270000457763672,9.640000343322754,281900,0,0,0.04668841513515298,1.9754098600932417,8.926666768391927,9.592377367266119,8.260956169517735,9.59000015258789,9.375,9.330000042915344,8.445000171661377,9.010000228881836
2020-08-06,9.630000114440918,9.829999923706056,9.529999732971191,9.81999969482422,186200,0,0,0.018672131233495648,2.012294972240844,8.961666742960611,9.697035383403248,8.226298102517974,9.59000015258789,9.375,9.472500085830688,8.445000171661377,9.300000190734863
2020-08-07,9.699999809265137,10.1899995803833,9.649999618530272,10.18000030517578,186200,0,0,0.03665994109361348,2.086065587386168,8.994000085194905,9.845511461945241,8.142488708444569,9.59000015258789,9.375,9.502500057220459,8.445000171661377,9.350000381469728
2020-08-10,10.199999809265137,10.739999771118164,10.039999961853027,10.34000015258789,319600,0,0,0.015717076877764136,2.118852440595175,9.047333431243896,10.019556337990695,8.075110524497097,9.674999713897705,9.454999923706055,9.512500047683716,8.445000171661377,9.5
2020-08-11,10.600000381469728,11.079999923706056,10.579999923706056,10.6899995803833,534400,0,0,0.033849073755362724,2.1905736331336114,9.093666744232177,10.227543708200061,7.959789780264292,9.84499979019165,9.625,9.512500047683716,8.445000171661377,9.510000228881836
2020-08-12,10.93000030517578,10.93000030517578,10.34000015258789,10.460000038146973,317500,0,0,-0.02151539300884442,2.1434425805019295,9.115666739145915,10.326024426587487,7.905309051704343,10.0,9.625,9.502500057220459,8.445000171661377,9.43000030517578
2020-08-13,10.359999656677246,10.43000030517578,10.06999969482422,10.130000114440918,192400,0,0,-0.03154874976123956,2.0758196469020884,9.147666740417481,10.411311808041269,7.884021672793694,10.0,9.625,9.490000009536743,8.445000171661377,8.600000381469727
2020-08-14,10.0,10.369999885559082,9.850000381469728,10.0600004196167,291600,0,0,-0.006910137614354994,2.0614754474794132,9.178666750590006,10.483733544285597,7.873599956894414,10.009999752044678,9.625,9.462500095367432,8.445000171661377,8.180000305175781
2020-08-17,10.050000190734863,10.079999923706056,9.789999961853027,10.010000228881836,226300,0,0,-0.004970197678855426,2.0512295069953335,9.213000106811524,10.54897830603829,7.877021907584759,10.175000190734863,9.625,9.462500095367432,8.445000171661377,8.069999694824219
2020-08-18,10.050000190734863,10.050000190734863,9.550000190734863,9.59000015258789,289300,0,0,-0.04195804862043062,1.9651639196091613,9.244000116984049,10.57039979744181,7.917600436526287,10.304999828338623,9.625,9.462500095367432,8.445000171661377,8.119999885559082
2020-08-19,9.510000228881836,9.90999984741211,9.510000228881836,9.640000343322754,157300,0,0,0.005213784143827116,1.9754098600932406,9.277333450317382,10.591626794770079,7.9630401058646845,10.295000076293945,9.84000015258789,9.430000066757202,8.445000171661377,8.300000190734863
2020-08-20,9.43000030517578,9.630000114440918,9.350000381469728,9.380000114440918,151800,0,0,-0.026970977139220476,1.9221311259160752,9.313000106811524,10.577813221302922,8.048186992320126,10.215000152587892,9.84000015258789,9.172500133514404,8.445000171661377,8.609999656677246
2020-08-21,9.34000015258789,9.460000038146973,9.109999656677246,9.1899995803833,213000,0,0,-0.02025592022809286,1.8831965911615849,9.334666760762532,10.567848285977744,8.10148523554732,10.09499979019165,9.84000015258789,9.03250002861023,8.445000171661377,8.649999618530273
2020-08-24,9.220000267028809,9.460000038146973,9.06999969482422,9.380000114440918,263900,0,0,0.020674705411650507,1.9221311259160752,9.360666751861572,10.563506869313017,8.157826634410128,10.0,9.84000015258789,8.865000009536743,8.445000171661377,8.640000343322754
2020-08-25,9.529999732971191,9.6899995803833,9.350000381469728,9.510000228881836,227400,0,0,0.013859287084738714,1.948770493004658,9.399000104268392,10.544117141073398,8.253883067463386,9.75,9.84000015258789,8.865000009536743,8.445000171661377,8.729999542236328
2020-08-26,9.470000267028809,9.479999542236328,9.09000015258789,9.100000381469728,240300,0,0,-0.043112496061455396,1.8647541328003143,9.40266679128011,10.543246844211648,8.262086738348572,9.71999979019165,9.84000015258789,8.884999990463257,8.445000171661377,9.010000228881836
2020-08-27,9.220000267028809,9.449999809265137,9.1899995803833,9.359999656677246,254300,0,0,0.028571347726199292,1.9180326715524194,9.41900011698405,10.542618321166227,8.295381912801872,9.574999809265138,9.84000015258789,8.884999990463257,8.445000171661377,9.399999618530272
2020-08-28,9.479999542236328,9.479999542236328,9.3100004196167,9.449999809265137,372400,0,0,0.009615401270200552,1.9364753253387508,9.440000120798747,10.541527487492466,8.338472754105027,9.559999942779541,9.84000015258789,8.882499933242798,8.445000171661377,9.300000190734863
2020-08-31,9.420000076293944,9.619999885559082,9.3100004196167,9.5,450900,0,0,0.005291025581380504,1.9467212658228303,9.466000111897786,10.534869174655025,8.397131049140548,9.489999771118164,9.84000015258789,8.882499933242798,8.445000171661377,9.300000190734863
2020-09-01,9.420000076293944,9.579999923706056,9.239999771118164,9.520000457763672,348100,0,0,0.0021053113435443027,1.950819720186486,9.480000114440918,10.540350742000394,8.419649486881442,9.37999963760376,9.84000015258789,8.990000009536743,8.445000171661377,9.520000457763672
2020-09-02,9.5,9.779999732971191,9.380000114440918,9.550000190734863,311400,0,0,0.00315123230343195,1.95696720630691,9.50366678237915,10.537353074481826,8.469980490276475,9.424999713897705,9.84499979019165,8.990000009536743,8.445000171661377,9.460000038146973
2020-09-03,9.550000190734863,9.90999984741211,9.550000190734863,9.699999809265137,368700,0,0,0.015706766024549346,1.9877048323340885,9.52966677347819,10.542484296925483,8.516849250030898,9.489999771118164,9.84499979019165,8.990000009536743,8.555000305175781,9.489999771118164
2020-09-04,9.949999809265137,9.989999771118164,9.75,9.850000381469728,587800,0,0,0.015463976820011549,2.0184426537863276,9.563000106811524,10.54980467786034,8.576195535762707,9.539999961853027,10.0,8.940000057220459,8.900000095367432,9.279999732971191
2020-09-08,9.9399995803833,9.9399995803833,9.5,9.640000343322754,292600,0,0,-0.021319800001433076,1.9754098600932413,9.59500010808309,10.526243727642637,8.663756488523543,9.539999961853027,10.0,9.482500076293945,9.000000238418579,9.15999984741211
2020-09-09,9.6899995803833,9.779999732971191,9.5,9.510000228881836,301900,0,0,-0.013485488569610293,1.9487704930046583,9.621333440144857,10.495401202889141,8.747265677400573,9.589999675750732,10.009999752044678,9.482500076293945,9.09000015258789,9.640000343322754
2020-09-10,9.5,9.609999656677246,9.229999542236328,9.279999732971191,317500,0,0,-0.024185119913260777,1.9016392449479163,9.629000091552735,10.486877654058963,8.771122529046506,9.609999656677246,10.074999809265138,9.482500076293945,9.225000143051147,9.460000038146973
2020-09-11,9.279999732971191,9.279999732971191,8.989999771118164,9.010000228881836,267400,0,0,-0.029094774984751992,1.846311479013983,9.636666774749756,10.467926902270905,8.805406647228606,9.489999771118164,10.03499984741211,9.482500076293945,9.390000104904175,9.140000343322754
2020-09-14,9.09000015258789,9.359999656677246,8.960000038146973,9.300000190734863,236500,0,0,0.032186454437972634,1.9057376993115724,9.632333437601725,10.469158092656937,8.795508782546513,9.474999904632568,10.019999980926514,9.482500076293945,9.675000190734863,9.210000038146973
2020-09-15,9.300000190734863,9.479999542236328,9.149999618530272,9.350000381469728,188500,0,0,0.005376364484882323,1.9159836397956524,9.645000108083089,10.45251795144495,8.837482264721228,9.474999904632568,10.019999980926514,9.482500076293945,9.735000133514404,9.18000030517578
2020-09-16,9.369999885559082,9.630000114440918,9.239999771118164,9.5,414800,0,0,0.016042739295235586,1.9467212658228306,9.65466677347819,10.448034550030114,8.861298996926267,9.474999904632568,10.019999980926514,9.56499981880188,9.755000114440918,9.420000076293944
2020-09-17,9.380000114440918,9.6899995803833,9.100000381469728,9.510000228881836,236000,0,0,0.0010526556717722624,1.9487704930046585,9.65033343633016,10.445381657908621,8.855285214751698,9.474999904632568,9.945000171661377,9.734999895095825,9.755000114440918,9.56999969482422
2020-09-18,9.609999656677246,9.640000343322754,9.109999656677246,9.43000030517578,706300,0,0,-0.008412189461688646,1.932377066400155,9.637333456675211,10.433604548946162,8.84106236440426,9.449999809265137,9.695000171661377,9.8125,9.835000038146973,9.420000076293944
2020-09-21,9.15999984741211,9.220000267028809,8.5600004196167,8.600000381469727,442400,0,0,-0.08801695618721206,1.7622951188096392,9.584666792551676,10.43705085101697,8.732282734086382,9.170000076293945,9.46500015258789,9.8125,9.885000228881836,9.079999923706056
2020-09-22,8.550000190734863,8.739999771118164,8.119999885559082,8.180000305175781,331100,0,0,-0.04883721600744484,1.6762295314234672,9.512666797637939,10.456993336886121,8.568340258389757,8.904999732971191,9.099999904632568,9.817499876022339,9.885000228881836,8.710000038146973
2020-09-23,8.199999809265137,8.479999542236328,8.069999694824219,8.069999694824219,241100,0,0,-0.013447506876248072,1.65368842327348,9.425333468119304,10.4018226798249,8.448844256413707,8.87999963760376,9.059999942779541,9.900000095367432,9.885000228881836,8.979999542236328
2020-09-24,8.100000381469727,8.359999656677246,7.949999809265137,8.119999885559082,230000,0,0,0.006195810734284324,1.6639343637575597,9.34733346303304,10.353938449370588,8.340728476695492,8.819999694824219,8.96999979019165,9.964999914169312,9.885000228881836,9.600000381469728
2020-09-25,8.069999694824219,8.380000114440918,8.010000228881836,8.300000190734863,178800,0,0,0.022167525580375935,1.700819671330222,9.286333465576172,10.317171034797758,8.255495896354587,8.819999694824219,8.96999979019165,10.067500114440918,9.885000228881836,9.600000381469728
2020-09-28,8.449999809265137,8.680000305175781,8.449999809265137,8.609999656677246,152000,0,0,0.03734933238777871,1.764344150566407,9.238000106811523,10.255175832694944,8.220824380928102,8.819999694824219,8.96999979019165,10.02750015258789,9.625,9.43000030517578
2020-09-29,8.529999732971191,8.699999809265137,8.369999885559082,8.649999618530273,203600,0,0,0.004645756498028009,1.7725408638686586,9.192666753133137,10.18932633086083,8.196007175405445,8.819999694824219,8.96999979019165,9.96749997138977,9.625,9.25
2020-09-30,8.729999542236328,8.850000381469727,8.399999618530273,8.640000343322754,171000,0,0,-0.0011559856241032396,1.770491832111891,9.1610000928243,10.165436833758609,8.156563351889993,8.795000076293945,8.96999979019165,9.920000076293945,9.625,9.920000076293944
2020-10-01,8.630000114440918,8.8100004196167,8.489999771118164,8.729999542236328,169600,0,0,0.010416573534412832,1.7889342904731618,9.130666732788086,10.130391875893276,8.130941589682896,8.585000038146973,8.96999979019165,9.795000076293945,9.625,10.25
2020-10-02,8.550000190734863,9.050000190734863,8.550000190734863,9.010000228881836,115700,0,0,0.032073390759168596,1.8463114790139834,9.11833340326945,10.114596143616799,8.1220706629221,8.5,8.96999979019165,9.77999997138977,9.625,11.5600004196167
2020-10-05,9.15999984741211,9.4399995803833,8.84000015258789,9.399999618530272,179200,0,0,0.04328516978260222,1.926229384854671,9.125333404541015,10.126419760059449,8.124247049022582,8.694999694824219,8.96999979019165,9.707499980926514,9.625,11.5600004196167
2020-10-06,9.550000190734863,9.630000114440918,9.260000228881836,9.300000190734863,274300,0,0,-0.010638237431231268,1.9057376993115724,9.12266674041748,10.121463900217728,8.123869580617233,8.789999961853027,8.96999979019165,9.700000047683716,9.625,11.270000457763672
2020-10-07,9.420000076293944,9.630000114440918,9.239999771118164,9.300000190734863,282600,0,0,0.0,1.9057376993115724,9.115666739145915,10.106470885595,8.12486259269683,8.820000171661377,8.96999979019165,9.664999961853027,9.625,10.720000267028809
2020-10-08,9.4399995803833,9.640000343322754,9.4399995803833,9.520000457763672,231500,0,0,0.023655942206107117,1.9508197201864865,9.129666741689046,10.13093504504582,8.128398438332272,9.005000114440918,8.96999979019165,9.609999895095825,9.625,11.149999618530272
2020-10-09,9.640000343322754,9.770000457763672,9.390000343322754,9.460000038146973,163100,0,0,-0.0063025647827326114,1.938524552520579,9.133000087738036,10.137948431825128,8.128051743650945,9.070000171661377,8.96999979019165,9.634999752044678,9.625,11.970000267028809
2020-10-12,9.43000030517578,9.510000228881836,9.350000381469728,9.489999771118164,207600,0,0,0.003171219117359403,1.9446720386410028,9.134333419799805,10.141053572591309,8.127613267008302,9.085000038146973,8.96999979019165,9.667499780654907,9.625,12.039999961853027
2020-10-13,9.420000076293944,9.729999542236328,9.119999885559082,9.279999732971191,179000,0,0,-0.0221285609285351,1.9016392449479167,9.12700007756551,10.126184679208409,8.127815475922612,9.130000114440918,8.944999694824219,9.769999980926514,9.625,11.40999984741211
2020-10-14,9.289999961853027,9.4399995803833,9.130000114440918,9.15999984741211,141800,0,0,-0.012931022522848834,1.877049105041162,9.11500005722046,10.103677010597224,8.126323103843696,9.160000324249268,8.864999771118164,9.769999980926514,9.625,11.40999984741211
2020-10-15,9.0,9.649999618530272,8.920000076293945,9.640000343322754,194700,0,0,0.052401801736520204,1.9754098600932417,9.118000062306722,10.112430398943975,8.12356972566947,9.305000305175781,8.860000133514404,9.799999713897705,9.625,11.420000076293944
2020-10-16,9.5600004196167,9.59000015258789,9.420000076293944,9.460000038146973,134700,0,0,-0.01867223016236308,1.9385245525205792,9.110000069936117,10.089418812625407,8.130581327246826,9.345000267028809,8.860000133514404,9.842499732971191,9.625,12.0
2020-10-19,9.489999771118164,9.600000381469728,9.119999885559082,9.140000343322754,127900,0,0,-0.03382660608180088,1.8729508461025663,9.086333401997884,10.026872774249352,8.145794029746416,9.345000267028809,8.860000133514404,9.762499809265137,9.625,12.829999923706056
2020-10-20,9.289999961853027,9.489999771118164,9.18000030517578,9.210000038146973,247900,0,0,0.00765860964932652,1.8872950455252417,9.072000058492025,9.991356240908079,8.15264387607597,9.345000267028809,8.860000133514404,9.747499942779541,9.625,12.859999656677246
2020-10-21,9.199999809265137,9.399999618530272,9.149999618530272,9.18000030517578,95700,0,0,-0.003257299983380757,1.8811475594048177,9.061000061035156,9.967016979808294,8.154983142262017,9.345000267028809,8.860000133514404,9.747499942779541,9.625,12.59000015258789
2020-10-22,9.149999618530272,9.56999969482422,9.149999618530272,9.420000076293944,231500,0,0,0.026143765047899725,1.9303278392183272,9.065666739145914,9.977532693913153,8.153800784378676,9.324999809265137,8.860000133514404,9.747499942779541,9.625,11.800000190734863
2020-10-23,9.479999542236328,9.869999885559082,9.470000267028809,9.56999969482422,183600,0,0,0.01592352625428961,1.9610654652455064,9.084333388010661,10.013525510688652,8.15514126533267,9.394999980926514,8.90999984741211,9.710000038146973,9.625,12.220000267028809
2020-10-26,9.369999885559082,9.640000343322754,9.260000228881836,9.420000076293944,163800,0,0,-0.015673941830050664,1.9303278392183272,9.088333384195964,10.022195556452433,8.154471211939496,9.394999980926514,8.90999984741211,9.572499990463257,9.625,12.859999656677246
2020-10-27,9.380000114440918,9.460000038146973,9.0600004196167,9.079999923706056,308100,0,0,-0.03609343416498689,1.860655678436659,9.079333368937174,10.008158301964771,8.150508435909577,9.394999980926514,8.90999984741211,9.317500114440918,9.625,12.970000267028809
2020-10-28,8.859999656677246,9.039999961853027,8.6899995803833,8.710000038146973,279400,0,0,-0.04074888641717811,1.7848360315345662,9.053000036875407,9.977439275569962,8.128560798180851,9.279999732971191,8.90999984741211,9.00249981880188,9.599999904632568,13.140000343322754
2020-10-29,8.649999618530273,9.119999885559082,8.40999984741211,8.979999542236328,491800,0,0,0.030998794822829634,1.8401637974684997,9.035333347320556,9.944391901100696,8.126274793540416,9.139999866485596,8.90999984741211,8.96999979019165,9.574999809265137,13.18000030517578
2020-10-30,9.100000381469728,9.640000343322754,9.100000381469728,9.600000381469728,930300,0,0,0.06904241323368687,1.9672131467909904,9.041000016530354,9.961795210299222,8.120204822761487,9.139999866485596,8.940000057220459,8.894999742507935,9.514999866485596,13.630000114440918
2020-11-02,9.789999961853027,9.920000076293944,9.520000457763672,9.600000381469728,226000,0,0,0.0,1.9672131467909904,9.074333349863688,10.001198815452543,8.147467884274832,9.164999961853027,9.144999980926514,8.894999742507935,9.514999866485596,13.40999984741211
2020-11-03,9.4399995803833,9.850000381469728,9.260000228881836,9.43000030517578,200800,0,0,-0.017708340576953474,1.9323770664001552,9.116000016530355,9.989489851325436,8.242510181735275,9.164999961853027,9.144999980926514,8.894999742507935,9.514999866485596,13.630000114440918
2020-11-04,9.260000228881836,9.380000114440918,8.84000015258789,9.25,262400,0,0,-0.019088048711619177,1.8954917588274933,9.155333360036215,9.939092424026233,8.371574296046196,9.164999961853027,9.15999984741211,8.894999742507935,9.514999866485596,13.539999961853027
2020-11-05,9.25,9.949999809265137,9.25,9.920000076293944,322400,0,0,0.07243244068042642,2.0327868532090028,9.215333366394043,9.947066043271095,8.483600689516992,9.179999828338623,9.179999828338623,8.882499933242798,9.514999866485596,13.510000228881836
2020-11-06,10.140000343322754,10.470000267028809,9.989999771118164,10.25,304600,0,0,0.03326612108548921,2.100409786808844,9.280333360036215,10.021594332815136,8.539072387257294,9.440000057220459,9.440000057220459,8.777499914169312,9.514999866485596,14.1899995803833
2020-11-09,10.890000343322754,11.9399995803833,10.890000343322754,11.5600004196167,431000,0,0,0.12780491898699498,2.3688524894514393,9.378666718800863,10.446347275815256,8.31098616178647,10.174999713897705,10.174999713897705,8.734999895095825,9.514999866485596,13.81999969482422
2020-11-10,11.75,12.0,11.510000228881836,11.5600004196167,268800,0,0,0.0,2.3688524894514393,9.475666745503743,10.76505831682029,8.186275174187195,10.204999923706055,10.204999923706055,8.832499742507935,9.514999866485596,13.890000343322754
2020-11-11,11.710000038146973,11.720000267028809,11.140000343322754,11.270000457763672,200000,0,0,-0.02508650097978482,2.30942626915385,9.563333415985108,10.965468036339821,8.161198795630394,10.420000076293945,10.204999923706055,8.879999876022339,9.514999866485596,13.390000343322754
2020-11-12,11.100000381469728,11.239999771118164,10.550000190734863,10.720000267028809,190500,0,0,-0.048802144489353494,2.1967213146790954,9.62966677347819,11.05575583839722,8.20357770855916,10.420000076293945,10.204999923706055,8.894999980926514,9.514999866485596,13.399999618530272
2020-11-13,10.850000381469728,11.239999771118164,10.850000381469728,11.149999618530272,197500,0,0,0.04011187880507805,2.284835933822035,9.701000086466472,11.207264420331814,8.19473575260113,10.420000076293945,10.204999923706055,8.987499952316284,9.514999866485596,13.1899995803833
2020-11-16,11.529999732971191,11.970000267028809,11.369999885559082,11.970000267028809,361600,0,0,0.07354266157424538,2.452868849655784,9.786666774749756,11.492440419172427,8.080893130327086,10.420000076293945,10.204999923706055,9.019999980926514,9.514999866485596,13.510000228881836
2020-11-17,11.800000190734863,12.149999618530272,11.510000228881836,12.039999961853027,364600,0,0,0.005847927590864943,2.467213049078459,9.878000100453695,11.753566937563756,8.002433263343635,10.699999809265137,10.279999732971191,9.027499914169312,9.514999866485596,13.449999809265137
2020-11-18,12.0600004196167,12.329999923706056,11.399999618530272,11.40999984741211,272700,0,0,-0.05232559106619439,2.3381146679992013,9.948333422342936,11.888628276581887,8.008038568103984,11.15999984741211,10.369999885559082,9.037499904632568,9.514999866485596,13.56999969482422
2020-11-19,11.460000038146973,11.510000228881836,11.010000228881836,11.40999984741211,323800,0,0,0.0,2.3381146679992013,10.011333401997884,12.013253203037024,8.009413600958744,11.440000057220459,10.369999885559082,9.012500047683716,9.514999866485596,13.390000343322754
2020-11-20,11.260000228881836,11.4399995803833,11.1899995803833,11.420000076293944,511500,0,0,0.0008764442607860357,2.340163895181029,10.076666736602784,12.129303361062574,8.024030112142993,11.440000057220459,10.369999885559082,9.082500219345093,9.514999866485596,13.56999969482422
2020-11-23,11.579999923706056,12.079999923706056,11.460000038146973,12.0,315700,0,0,0.050788084048269067,2.459016335776208,10.160333410898845,12.312061994047417,8.008604827750274,11.440000057220459,10.369999885559082,9.102500200271606,9.514999866485596,13.649999618530272
2020-11-24,12.270000457763672,12.970000267028809,12.210000038146973,12.829999923706056,279800,0,0,0.06916666030883811,2.6290982833667247,10.278666750590007,12.605842770417507,7.951490730762508,11.760000228881836,10.690000057220459,9.102500200271606,9.514999866485596,13.550000190734863
2020-11-25,12.529999732971191,13.050000190734863,12.1899995803833,12.859999656677246,334400,0,0,0.002338248881495142,2.6352457694871476,10.40200007756551,12.866183967915052,7.937816187215969,11.950000286102295,10.730000019073486,9.102500200271606,9.514999866485596,13.619999885559082
2020-11-27,12.8100004196167,12.8100004196167,12.220000267028809,12.59000015258789,202500,0,0,-0.020995296368391814,2.5799180035532143,10.500333404541015,13.06763403082716,7.933032778254871,12.03000020980835,10.730000019073486,9.102500200271606,9.514999866485596,14.9399995803833
2020-11-30,12.5,12.5,11.699999809265137,11.800000190734863,463700,0,0,-0.06274820907691903,2.4180327692649497,10.578333409627279,13.156557947185796,8.000108872068761,12.03000020980835,10.730000019073486,9.09249997138977,9.514999866485596,15.199999809265137
2020-12-01,12.06999969482422,12.329999923706056,11.8100004196167,12.220000267028809,315300,0,0,0.03559322622924377,2.504098356651122,10.681000073750814,13.267177638648562,8.094822508853067,12.03000020980835,10.730000019073486,9.152499914169312,9.440000057220459,15.3100004196167
2020-12-02,12.15999984741211,12.920000076293944,11.960000038146973,12.859999656677246,530600,0,0,0.052373107664755336,2.635245769487148,10.802666727701823,13.443085860291227,8.162247595112419,12.03000020980835,10.730000019073486,9.152499914169312,9.190000057220459,15.050000190734863
2020-12-03,12.829999923706056,13.210000038146973,12.670000076293944,12.970000267028809,252800,0,0,0.008553702432989363,2.657786877637135,10.92900005976359,13.60889572140292,8.24910439812426,12.199999809265137,10.809999942779541,9.152499914169312,9.15999984741211,15.59000015258789
2020-12-04,13.109999656677246,13.210000038146973,12.880000114440918,13.140000343322754,223400,0,0,0.01310717600570177,2.6926229580279695,11.05300006866455,13.785520954606442,8.320479182722659,12.335000038146973,10.809999942779541,9.09499979019165,9.014999866485596,15.220000267028809
2020-12-07,12.949999809265137,13.210000038146973,12.899999618530272,13.18000030517578,240200,0,0,0.003044137047785611,2.7008196713302204,11.173333422342937,13.951299323619592,8.395367521066282,12.454999923706055,11.025000095367432,9.024999856948853,9.0,15.93000030517578
2020-12-08,13.010000228881836,13.770000457763672,13.010000228881836,13.630000114440918,393000,0,0,0.03414262510209687,2.7930327448368164,11.313666756947836,14.14758215335984,8.47975136053583,12.735000133514404,11.305000305175781,9.039999961853027,8.96999979019165,16.40999984741211
2020-12-09,13.84000015258789,14.010000228881836,13.329999923706056,13.40999984741211,333400,0,0,-0.016140885193076326,2.7479507239619023,11.458000087738037,14.263265651871336,8.652734523604739,12.855000019073486,11.425000190734863,9.15499997138977,8.96999979019165,16.540000915527344
2020-12-10,13.199999809265137,13.65999984741211,13.119999885559082,13.630000114440918,220900,0,0,0.01640568751171645,2.7930327448368164,11.622000090281169,14.33994450685838,8.904055673703958,12.855000019073486,11.425000190734863,9.15499997138977,8.96999979019165,16.709999084472656
2020-12-11,13.56999969482422,13.720000267028809,13.350000381469728,13.539999961853027,205700,0,0,-0.006603092577566194,2.7745900910504853,11.774000104268392,14.392791076250454,9.15520913228633,12.910000324249268,11.630000114440918,9.162499904632568,8.96999979019165,16.81999969482422
2020-12-14,13.850000381469728,13.850000381469728,13.460000038146973,13.510000228881836,228700,0,0,-0.0022156375964336172,2.7684426049300614,11.904333432515463,14.466304558391412,9.342362306639513,12.985000133514404,12.0,9.179999828338623,8.96999979019165,17.34000015258789
2020-12-15,13.850000381469728,14.199999809265137,13.4399995803833,14.1899995803833,257400,0,0,0.05033303774841946,2.907786731068339,12.057333405812582,14.598852050066355,9.515814761558808,13.434999942779541,12.375,9.440000057220459,9.210000038146973,17.170000076293945
2020-12-16,14.279999732971191,14.470000267028809,13.779999732971191,13.81999969482422,354000,0,0,-0.026074693199468424,2.831967084166247,12.203666718800863,14.626760060667507,9.780573376934218,13.675000190734863,12.510000228881836,10.174999713897705,9.944999694824219,16.90999984741211
2020-12-17,13.829999923706056,14.050000190734863,13.760000228881836,13.890000343322754,371300,0,0,0.0050651700466208815,2.8463114790139823,12.358333396911622,14.593806632409743,10.1228601614135,13.684999942779541,12.510000228881836,10.204999923706055,9.974999904632568,16.59000015258789
2020-12-18,13.93000030517578,14.140000343322754,13.210000038146973,13.390000343322754,735900,0,0,-0.035997119340631434,2.743852465023307,12.474000072479248,14.54705911513581,10.400941029822686,13.740000247955322,12.510000228881836,10.3125,9.974999904632568,16.850000381469727
2020-12-21,13.369999885559082,13.489999771118164,13.25,13.399999618530272,351400,0,0,0.000746771841010796,2.7459014967800743,12.57900005976359,14.505689884624369,10.652310234902812,13.795000076293945,12.660000324249268,10.3125,9.974999904632568,16.770000457763672
2020-12-22,13.470000267028809,13.579999923706056,13.050000190734863,13.1899995803833,321300,0,0,-0.01567164508397234,2.7028687030869887,12.633333365122477,14.533939757533926,10.732726972711028,13.760000228881836,12.740000247955322,10.3125,9.974999904632568,17.020000457763672
2020-12-23,13.270000457763672,13.619999885559082,13.270000457763672,13.510000228881836,400300,0,0,0.02426085357686092,2.768442604930062,12.698333358764648,14.58107405481579,10.815592662713506,13.760000228881836,12.740000247955322,10.3125,9.974999904632568,18.6200008392334
2020-12-24,13.479999542236328,13.619999885559082,13.31999969482422,13.449999809265137,106100,0,0,-0.004441185684692317,2.756147437264154,12.771000003814697,14.595367955887216,10.946632051742178,13.760000228881836,12.740000247955322,10.489999771118164,10.049999713897705,18.51000022888184
2020-12-28,13.1899995803833,13.800000190734863,13.1899995803833,13.56999969482422,162200,0,0,0.008921924703405582,2.780737577170909,12.865999984741212,14.545219083428826,11.186780886053597,13.760000228881836,12.740000247955322,10.764999866485596,10.139999866485596,18.540000915527344
2020-12-29,13.600000381469728,13.600000381469728,13.25,13.390000343322754,179300,0,0,-0.013264506672768794,2.7438524650233065,12.940666675567627,14.503970241371247,11.377363109764007,13.760000228881836,12.829999923706055,10.90499997138977,10.139999866485596,18.34000015258789
2020-12-30,12.6899995803833,13.649999618530272,12.6899995803833,13.56999969482422,167700,0,0,0.013442819035566878,2.780737577170909,12.993999989827474,14.530316469222937,11.45768351043201,13.414999961853027,12.96500015258789,10.90499997138977,10.139999866485596,18.809999465942383
2020-12-31,13.5600004196167,13.760000228881836,13.4399995803833,13.649999618530272,138400,0,0,0.005895351916372027,2.7971310037754114,13.047666645050048,14.559376451091548,11.535956839008549,13.414999961853027,13.085000038146973,10.90499997138977,10.139999866485596,18.700000762939453
2021-01-04,13.770000457763672,13.899999618530272,13.289999961853027,13.550000190734863,232300,0,0,-0.00732596561099208,2.776639318232313,13.118999989827474,14.512985753243312,11.725014226411636,13.294999599456787,13.085000038146973,11.225000143051147,10.460000038146973,19.3700008392334
2021-01-05,13.539999961853027,13.90999984741211,13.539999961853027,13.619999885559082,296700,0,0,0.005166029065599709,2.790983517654988,13.192666657765706,14.444856776129278,11.940476539402134,13.299999713897705,13.085000038146973,11.34000015258789,10.5,19.899999618530277
2021-01-06,14.119999885559082,15.3100004196167,13.260000228881836,14.9399995803833,430800,0,0,0.09691627796735736,3.061475252054352,13.309999974568685,14.535339033601016,12.084660915536354,14.0,13.505000114440918,11.380000114440918,10.5,19.61000061035156
2021-01-07,15.010000228881836,15.300000190734863,14.869999885559082,15.199999809265137,349000,0,0,0.017402960922651145,3.1147539862315172,13.416666634877522,14.721312972959492,12.112020296795553,14.0,13.5600004196167,11.380000114440918,10.5,20.51000022888184
2021-01-08,15.300000190734863,15.600000381469728,15.149999618530272,15.3100004196167,391400,0,0,0.007236882350782015,3.137295094381504,13.499333318074545,14.94992439426773,12.048742241881358,14.144999980926514,13.78000020980835,11.380000114440918,10.5,21.0
2021-01-11,15.3100004196167,15.65999984741211,14.960000038146973,15.050000190734863,296000,0,0,-0.01698237895204091,3.0840163602043384,13.572333335876465,15.10446286248429,12.04020380926864,14.174999713897705,14.164999961853027,11.380000114440918,10.5,19.780000686645508
2021-01-12,15.270000457763672,15.609999656677246,15.09000015258789,15.59000015258789,350100,0,0,0.03588039568168666,3.194672087497265,13.672333335876464,15.321311480911296,12.023355190841633,14.174999713897705,14.174999713897705,11.504999876022339,10.579999923706055,20.450000762939453
2021-01-13,15.5,15.630000114440918,14.8100004196167,15.220000267028809,255100,0,0,-0.02373315471056381,3.1188524405951727,13.786333338419597,15.373908181213489,12.198758495625706,14.460000038146973,14.174999713897705,11.572499990463257,10.579999923706055,20.63999938964844
2021-01-14,15.399999618530272,16.06999969482422,15.399999618530272,15.93000030517578,264100,0,0,0.04664914754864036,3.264344248278934,13.910000006357828,15.566307078365035,12.253692934350621,14.664999961853027,14.37999963760376,11.740000009536743,10.579999923706055,20.38999938964844
2021-01-15,15.970000267028809,16.579999923706055,15.630000114440918,16.40999984741211,693900,0,0,0.03013179742880312,3.3627048079059536,14.02833334604899,15.863977348477267,12.192689343620714,14.920000076293945,14.634999752044678,12.020000219345093,10.890000343322754,21.299999237060547
2021-01-19,16.479999542236328,16.75,16.43000030517578,16.540000915527344,512600,0,0,0.007922063944183044,3.3893443704195962,14.147333367665608,16.14748704809745,12.147179687233766,15.005000114440918,14.71999979019165,12.140000104904175,11.190000057220459,20.40999984741211
2021-01-20,16.600000381469727,16.760000228881836,16.40999984741211,16.709999084472656,469500,0,0,0.010278002390297525,3.4241800599603103,14.266333325703938,16.42963558423481,12.103031067173065,15.785000324249268,14.724999904632568,12.140000104904175,11.190000057220459,20.270000457763672
2021-01-21,16.809999465942383,17.0,16.479999542236328,16.81999969482422,399700,0,0,0.00658292138709804,3.446721168110298,14.38766663869222,16.696107740067472,12.079225537316969,15.90500020980835,14.84499979019165,12.270000219345093,11.204999923706055,21.07999992370605
2021-01-22,16.549999237060547,17.399999618530273,16.549999237060547,17.34000015258789,315300,0,0,0.030915604470770797,3.5532786364646287,14.511333306630453,17.030601823766805,11.992064789494101,16.105000019073486,15.044999599456787,12.492500066757202,11.210000038146973,21.100000381469727
2021-01-25,17.219999313354492,17.260000228881836,16.700000762939453,17.170000076293945,735000,0,0,-0.009803925882236775,3.518442556073794,14.63666664759318,17.293726900968274,11.979606394218086,16.105000019073486,15.044999599456787,12.90499997138977,11.304999828338623,21.90999984741211
2021-01-26,17.329999923706055,17.530000686645508,16.729999542236328,16.90999984741211,389700,0,0,-0.01514270400271045,3.4651638218966285,14.745999972025553,17.496059682488163,11.995940261562943,16.170000553131104,15.110000133514404,13.09250020980835,11.440000057220459,21.479999542236328
2021-01-27,16.3700008392334,16.959999084472656,16.1299991607666,16.59000015258789,434700,0,0,-0.01892369590252785,3.3995901154786154,14.84766664505005,17.63684635108263,12.058486939017467,16.46500015258789,15.110000133514404,13.097500085830688,11.440000057220459,21.96999931335449
2021-01-28,16.979999542236328,17.079999923706055,16.5,16.850000381469727,389800,0,0,0.015672105273686787,3.4528688496557813,14.958999983469646,17.791727298524698,12.126272668414595,16.580000400543213,15.110000133514404,13.125000238418579,11.440000057220459,23.520000457763672
2021-01-29,16.850000381469727,17.65999984741211,16.389999389648438,16.770000457763672,596000,0,0,-0.004747769845396044,3.436475423051278,15.045000012715658,17.934822882889698,12.15517714254162,16.894999504089355,15.174999713897705,13.227500200271606,11.440000057220459,22.559999465942383
2021-02-01,17.0,17.18000030517578,16.6200008392334,17.020000457763672,404700,0,0,0.014907572640182165,3.4877049300466156,15.151666704813639,18.088295004888312,12.215038404738966,16.894999504089355,15.174999713897705,13.250000238418579,11.440000057220459,22.770000457763672
2021-02-02,17.309999465942383,18.770000457763672,17.18000030517578,18.6200008392334,492200,0,0,0.09400707041343748,3.815573852986801,15.30933338801066,18.45697462171841,12.161692154302912,17.449999809265137,15.730000019073486,13.250000238418579,11.440000057220459,23.809999465942383
2021-02-03,18.709999084472656,18.93000030517578,18.170000076293945,18.51000022888184,765400,0,0,-0.005907658721463704,3.7930327448368146,15.48000005086263,18.74511037386459,12.214889727860669,17.52999973297119,15.809999942779541,13.250000238418579,11.440000057220459,23.530000686645508
2021-02-04,18.5,18.899999618530277,18.479999542236328,18.540000915527344,657900,0,0,0.001620782618829697,3.799180426382298,15.651333427429199,18.999700083323365,12.302966771535033,17.52999973297119,15.809999942779541,13.250000238418579,11.440000057220459,24.200000762939453
2021-02-05,18.520000457763672,18.850000381469727,18.26000022888184,18.34000015258789,1156600,0,0,-0.010787527133936159,3.75819666444598,15.823000113169352,19.177032848184083,12.46896737815462,17.52999973297119,15.809999942779541,13.295000076293945,11.440000057220459,23.0
2021-02-08,18.57999992370605,18.850000381469727,17.860000610351562,18.809999465942383,925100,0,0,0.02562700705802179,3.854507996891171,15.999666754404704,19.40535401434917,12.593979494460235,17.52999973297119,16.09500026702881,13.190000057220459,11.440000057220459,23.399999618530277
2021-02-09,18.6200008392334,18.82999992370605,18.18000030517578,18.700000762939453,425600,0,0,-0.005847884429879713,3.831967279591304,16.174666786193846,19.577868668676082,12.77146490371161,17.65999984741211,16.09500026702881,13.25,11.440000057220459,23.07999992370605
2021-02-10,18.739999771118164,19.56999969482422,18.489999771118164,19.3700008392334,457900,0,0,0.03582887962345871,3.9692623739728132,16.368000157674153,19.815762106704323,12.920238208643983,17.979999542236328,16.414999961853027,13.18999981880188,11.440000057220459,23.600000381469727
2021-02-11,19.76000022888184,20.3700008392334,19.489999771118164,19.899999618530277,488900,0,0,0.027361835639334586,4.077868678658852,16.585000133514406,20.07465367365178,13.095346593377029,18.4950008392334,16.815000534057617,13.192499876022339,11.440000057220459,23.0
2021-02-12,19.76000022888184,19.989999771118164,19.5,19.61000061035156,223500,0,0,-0.01457281476069372,4.018442653786322,16.786333497365316,20.253983077632867,13.318683917097765,18.77500057220459,17.59000062942505,13.752500057220459,11.860000133514404,21.459999084472656
2021-02-16,19.850000381469727,20.63999938964844,19.81999969482422,20.51000022888184,414500,0,0,0.04589493067405592,4.202868800799515,17.015000184377033,20.529331826812676,13.50066854194139,19.25,17.72499990463257,13.78000020980835,11.860000133514404,20.780000686645508
2021-02-17,20.3799991607666,21.420000076293945,19.920000076293945,21.0,634500,0,0,0.02389077355680147,4.303278587608363,17.26333351135254,20.81560501897624,13.711062003728838,19.640000343322754,18.115000247955322,13.962500095367432,12.005000114440918,21.25
2021-02-18,20.81999969482422,21.100000381469727,19.709999084472656,19.780000686645508,301700,0,0,-0.05809520539783297,4.053278734177158,17.468666871388752,20.86450389910127,14.072829843676233,19.640000343322754,18.115000247955322,14.169999837875366,12.03499984741211,21.31999969482422
2021-02-19,19.979999542236328,20.479999542236328,19.93000030517578,20.450000762939453,246800,0,0,0.03387260126569647,4.190573828558668,17.652333577473957,21.07695812038208,14.227709034565834,19.640000343322754,18.115000247955322,14.174999713897705,12.03499984741211,20.450000762939453
2021-02-22,20.420000076293945,21.229999542236328,20.309999465942383,20.63999938964844,353000,0,0,0.009290886045017377,4.229507972463038,17.83366689682007,21.295336400999627,14.371997392640512,19.800000190734863,18.40999984741211,14.317499876022339,12.03499984741211,20.989999771118164
2021-02-23,20.690000534057617,20.729999542236328,19.61000061035156,20.38999938964844,756800,0,0,-0.012112403458954701,4.1782784654677005,18.003000195821127,21.451360178867724,14.55464021277453,19.954999923706055,18.52500009536743,14.522499799728394,12.454999923706055,20.71999931335449
2021-02-24,20.520000457763672,21.40999984741211,20.170000076293945,21.299999237060547,401100,0,0,0.04462971430367446,4.364753839662719,18.211333497365317,21.675941473390424,14.746725521340212,20.454999923706055,18.774999618530273,14.777499914169312,12.710000038146973,21.1299991607666
2021-02-25,21.5,21.5,20.32999992370605,20.40999984741211,295100,0,0,-0.04178401040033364,4.182376919831356,18.372000153859457,21.78243262987072,14.961567677848194,20.5,18.8149995803833,14.862499952316284,12.795000076293945,20.81999969482422
2021-02-26,20.31999969482422,20.65999984741211,19.549999237060547,20.270000457763672,373100,0,0,-0.006859352802307317,4.153688520986005,18.54033349355062,21.808292188906115,15.272374798195123,20.524999618530273,18.8149995803833,15.255000114440918,12.800000190734863,21.049999237060547
2021-03-01,20.770000457763672,21.25,20.309999465942383,21.07999992370605,225100,0,0,0.03996050555746966,4.319672014212864,18.712000147501627,21.95456556954478,15.469434725458472,20.524999618530273,18.8149995803833,15.375,13.125,21.1299991607666
2021-03-02,21.1200008392334,21.40999984741211,20.649999618530277,21.100000381469727,292200,0,0,0.0009487883223937565,4.32377046857652,18.868333498636883,22.104153920815076,15.63251307645869,20.524999618530273,18.8149995803833,15.574999809265137,13.694999694824219,21.399999618530277
2021-03-03,21.36000061035156,22.399999618530277,20.729999542236328,21.90999984741211,557200,0,0,0.03838859958759677,4.48975396180338,19.04733346303304,22.341363902697786,15.753303023368296,20.97499942779541,19.264999389648438,15.574999809265137,13.974999904632568,21.799999237060547
2021-03-04,21.90999984741211,22.420000076293945,20.93000030517578,21.479999542236328,550500,0,0,-0.019625755735756867,4.401639147235381,19.20633347829183,22.4942516634263,15.918415293157354,20.984999656677246,19.274999618530273,15.640000343322754,14.040000438690186,22.100000381469727
2021-03-05,21.88999938964844,22.11000061035156,21.25,21.96999931335449,760400,0,0,0.022811907893883765,4.502048934044227,19.37800013224284,22.687186442570248,16.06881382191543,20.984999656677246,19.40499973297119,15.787500143051147,14.040000438690186,21.34000015258789
2021-03-08,22.209999084472656,23.93000030517578,22.020000457763672,23.520000457763672,616000,0,0,0.07055080531873359,4.819672111925393,19.584000142415366,23.120174298858345,16.047825985972388,21.739999771118164,20.15999984741211,15.845000267028809,14.040000438690186,21.850000381469727
2021-03-09,23.520000457763672,23.559999465942383,22.059999465942383,22.559999465942383,381700,0,0,-0.04081636790548637,4.622950601821234,19.76366678873698,23.338231947086506,16.189101630387455,21.739999771118164,20.27500057220459,16.03499960899353,14.255000114440918,22.059999465942383
2021-03-10,23.09000015258789,23.31999969482422,22.38999938964844,22.770000457763672,411200,0,0,0.00930855482236681,4.665983590939381,19.959000142415366,23.528929459017863,16.38907082581287,21.739999771118164,20.55500030517578,16.03499960899353,14.335000038146973,22.90999984741211
2021-03-11,22.90999984741211,23.920000076293945,22.559999465942383,23.809999465942383,691600,0,0,0.04567408815418417,4.879098136797923,20.19966678619385,23.8017789646571,16.597554607730597,22.119999885559082,20.895000457763672,16.58999991416931,14.890000343322754,22.170000076293945
2021-03-12,24.170000076293945,24.520000457763672,23.40999984741211,23.530000686645508,355800,0,0,-0.011759713799968097,4.821721339107222,20.42233346303304,23.99459728730216,16.850069638763923,22.585000038146973,21.190000534057617,16.669999837875366,14.970000267028809,20.96999931335449
2021-03-15,23.71999931335449,24.290000915527344,22.75,24.200000762939453,794000,0,0,0.028474290554279635,4.959016433488731,20.670000139872233,24.225371268380176,17.11462901136429,22.625,21.190000534057617,16.669999837875366,14.970000267028809,21.479999542236328
2021-03-16,24.200000762939453,24.420000076293945,22.8700008392334,23.0,657800,0,0,-0.04958680682263317,4.713114643571062,20.869333457946777,24.25121197547383,17.487454940419724,22.725000381469727,21.190000534057617,16.669999837875366,15.059999942779541,21.1200008392334
2021-03-17,23.13999938964844,23.76000022888184,22.420000076293945,23.399999618530277,370200,0,0,0.017391287762186014,4.795081776593579,21.028666750590006,24.42194732362324,17.63538617755677,22.885000228881836,21.350000381469727,16.8125,15.195000171661377,21.940000534057617
2021-03-18,23.5,23.93000030517578,22.809999465942383,23.07999992370605,818400,0,0,-0.0136752008564488,4.729508070175565,21.181000073750813,24.518546672195644,17.84345347530598,23.270000457763672,21.505000114440918,16.87750005722046,15.315000057220459,22.07999992370605
2021-03-19,23.149999618530277,23.989999771118164,22.649999618530277,23.600000381469727,1706100,0,0,0.022530349197686483,4.836065538529897,21.34966672261556,24.64775055847103,18.051582886760087,23.289999961853027,22.005000114440918,17.197499752044678,15.634999752044678,22.040000915527344
2021-03-22,23.350000381469727,23.649999618530277,22.51000022888184,23.0,602200,0,0,-0.02542374456658214,4.713114643571062,21.50500005086263,24.658148503760128,18.351851597965133,23.454999923706055,22.010000228881836,17.655000686645508,16.035000324249268,22.5
2021-03-23,22.790000915527344,22.790000915527344,21.3700008392334,21.459999084472656,627800,0,0,-0.06695656154466711,4.397540692871725,21.593333371480306,24.584901327116473,18.601765415844138,22.945000648498535,22.03499984741211,18.18250060081482,16.035000324249268,22.36000061035156
2021-03-24,21.780000686645508,22.030000686645508,20.75,20.780000686645508,338700,0,0,-0.031686785966321906,4.258196762158508,21.662666702270506,24.474971343975064,18.85036206056595,22.635000228881836,22.03499984741211,18.487499952316284,16.22499990463257,22.209999084472656
2021-03-25,20.65999984741211,21.489999771118164,20.020000457763672,21.25,704300,0,0,0.02261786803773025,4.354508094603699,21.725333340962727,24.412285257577164,19.03838142434829,22.22000026702881,22.03499984741211,18.877500295639038,16.69000005722046,22.07999992370605
2021-03-26,21.649999618530277,21.75,20.739999771118164,21.31999969482422,783400,0,0,0.003294103285845562,4.368852294026374,21.772666676839194,24.37866075506882,19.166672598609566,22.22000026702881,22.03499984741211,18.877500295639038,17.045000076293945,24.56999969482422
2021-03-29,21.31999969482422,21.5,20.26000022888184,20.450000762939453,724100,0,0,-0.04080670470628445,4.190573828558667,21.800666681925456,24.3305407506687,19.270792613182213,22.005000114440918,22.03499984741211,18.877500295639038,17.054999828338623,24.3700008392334
2021-03-30,20.520000457763672,21.21999931335449,20.200000762939453,20.989999771118164,367500,0,0,0.026405818485705224,4.301229360426533,21.816666666666666,24.319791128631906,19.313542204701427,22.005000114440918,22.03499984741211,19.105000019073486,17.054999828338623,24.170000076293945
2021-03-31,20.86000061035156,21.280000686645508,20.6200008392334,20.71999931335449,596700,0,0,-0.012863290171884145,4.245901399067539,21.80733331044515,24.324525024397698,19.2901415964926,22.005000114440918,22.03499984741211,19.240000009536743,17.054999828338623,24.350000381469727
2021-04-01,20.81999969482422,21.1299991607666,20.549999237060547,21.1299991607666,366800,0,0,0.019787638079112213,4.329917759271884,21.85233325958252,24.269878139648263,19.434788379516775,21.835000038146973,22.03499984741211,19.614999771118164,17.054999828338623,25.0
2021-04-05,21.440000534057617,21.670000076293945,20.709999084472656,20.81999969482422,375300,0,0,-0.014671059075003545,4.2663932800356985,21.864666557312013,24.25727758881814,19.472055525805885,21.405000686645508,22.03499984741211,19.65749979019165,17.09499979019165,24.61000061035156
2021-04-06,20.790000915527344,21.280000686645508,20.790000915527344,21.049999237060547,303500,0,0,0.011047048300077744,4.31352433266738,21.878333218892415,24.247528108471133,19.509138329313696,21.02500057220459,22.270000457763672,19.669999599456787,17.09499979019165,22.899999618530277
2021-04-07,20.899999618530277,21.65999984741211,20.899999618530277,21.1299991607666,412100,0,0,0.0038004715727117944,4.329917759271883,21.902999877929688,24.2249414305557,19.581058325303676,20.885000228881836,22.270000457763672,19.669999599456787,17.09499979019165,23.420000076293945
2021-04-08,20.920000076293945,21.450000762939453,20.76000022888184,21.399999618530277,204100,0,0,0.012778062872099039,4.385245720630877,21.906333223978677,24.22510817678267,19.587558271174686,20.975000381469727,22.270000457763672,19.669999599456787,17.09499979019165,24.520000457763672
2021-04-09,21.399999618530277,21.850000381469727,21.38999938964844,21.799999237060547,230700,0,0,0.018691571292548614,4.467212853653392,21.95266653696696,24.205017275632063,19.700315798301855,21.02500057220459,22.270000457763672,20.119999408721924,17.544999599456787,24.979999542236328
2021-04-12,21.88999938964844,22.270000457763672,21.809999465942383,22.100000381469727,182600,0,0,0.013761520867357158,4.528688496557869,22.013666534423827,24.17840759717658,19.848925471671073,21.235000610351562,22.270000457763672,20.12999963760376,17.554999828338623,24.270000457763672
2021-04-13,22.209999084472656,22.229999542236328,21.280000686645508,21.34000015258789,390400,0,0,-0.03438915003454368,4.3729507483900285,22.02233320871989,24.17418024573108,19.8704861717087,21.40999984741211,22.270000457763672,20.19499969482422,17.554999828338623,23.420000076293945
2021-04-14,21.280000686645508,21.96999931335449,21.280000686645508,21.850000381469727,267100,0,0,0.023898792185340634,4.477458989562532,22.047333208719888,24.17317538476711,19.921491032672666,21.40999984741211,22.270000457763672,20.949999809265137,18.30999994277954,23.3799991607666
2021-04-15,21.920000076293945,22.18000030517578,21.309999465942383,22.059999465942383,271600,0,0,0.009610941913335225,4.520491587830558,22.05233319600423,24.177569285053007,19.927097106955454,21.489999771118164,22.270000457763672,21.007500171661377,18.30999994277954,24.1299991607666
2021-04-16,22.43000030517578,22.93000030517578,22.21999931335449,22.90999984741211,321600,0,0,0.03853129655701082,4.69467198978473,22.099999872843423,24.235801764983613,19.964197980703233,21.84500026702881,22.270000457763672,21.147500038146973,18.30999994277954,24.18000030517578
2021-04-19,22.770000457763672,22.8799991607666,21.920000076293945,22.170000076293945,315500,0,0,-0.03230029576808369,4.543032695980545,22.106666564941406,24.242054926048517,19.971278203834295,21.84500026702881,22.270000457763672,21.507500171661377,18.30999994277954,23.309999465942383
2021-04-20,22.1299991607666,22.1299991607666,20.75,20.96999931335449,412600,0,0,-0.05412723314433365,4.2971309060628755,22.021666526794434,24.128254737665266,19.9150783159236,21.84000015258789,22.22000026702881,21.887500286102295,18.605000019073486,23.82999992370605
2021-04-21,20.950000762939453,21.61000061035156,20.76000022888184,21.479999542236328,291200,0,0,0.024320469507934206,4.40163914723538,21.985666529337564,24.091145213068376,19.880187845606752,21.84000015258789,22.22000026702881,21.90750026702881,18.605000019073486,24.43000030517578
2021-04-22,21.479999542236328,21.68000030517578,21.100000381469727,21.1200008392334,290800,0,0,-0.016759716511867695,4.3278689229401754,21.930666542053224,24.037511558214266,19.823821525892182,21.84000015258789,22.005000114440918,21.957500457763672,18.605000019073486,24.239999771118164
2021-04-23,21.209999084472656,22.309999465942383,21.059999465942383,21.940000534057617,436100,0,0,0.03882574158335039,4.495901643348864,21.86833324432373,23.85717721646725,19.87948927218021,21.84000015258789,22.005000114440918,22.11750030517578,18.890000343322754,24.5
2021-04-26,22.040000915527344,22.56999969482422,21.979999542236328,22.07999992370605,226800,0,0,0.006381011223363986,4.524590042194213,21.81999988555908,23.713775548531952,19.92622422258621,21.84000015258789,22.005000114440918,22.387500286102295,18.890000343322754,24.450000762939453
2021-04-27,22.01000022888184,22.309999465942383,21.950000762939453,22.040000915527344,213900,0,0,-0.0018115492897154972,4.516393524317023,21.747999890645346,23.42783276552187,20.06816701576882,21.84000015258789,21.835000038146973,22.647500038146973,18.890000343322754,24.90999984741211
2021-04-28,21.950000762939453,22.700000762939453,21.950000762939453,22.5,251800,0,0,0.020871100969355405,4.610655629580386,21.731333223978677,23.370845548279895,20.091820899677458,21.84000015258789,21.475000381469727,22.732500076293945,18.890000343322754,25.290000915527344
2021-04-29,22.75,23.149999618530277,22.299999237060547,22.36000061035156,261200,0,0,-0.0062221950954862715,4.581967230735035,21.696666590372722,23.23508349684774,20.158249683897704,21.949999809265137,21.585000038146973,22.490000247955322,19.665000438690186,26.350000381469727
2021-04-30,22.13999938964844,22.709999084472656,21.979999542236328,22.209999084472656,536400,0,0,-0.006708475929533719,4.551229213857737,21.667666562398274,23.13217918629173,20.20315393850482,21.949999809265137,21.585000038146973,22.335000038146973,19.665000438690186,26.489999771118164
2021-05-03,22.32999992370605,22.790000915527344,21.84000015258789,22.07999992370605,238300,0,0,-0.005853181725589907,4.524590042194214,21.616999880472818,22.906375634123968,20.327624126821668,21.95499992370606,21.675000190734863,22.12750005722046,19.665000438690186,25.90999984741211
2021-05-04,25.13999938964844,25.13999938964844,24.100000381469727,24.56999969482422,4815000,0,0,0.11277172915407463,5.034835884965763,21.669333203633627,23.267266459330607,20.071399947936648,23.09999942779541,22.670000076293945,22.12750005722046,19.665000438690186,25.299999237060547
2021-05-05,24.799999237060547,25.0,23.920000076293945,24.3700008392334,1716600,0,0,-0.00813996166361175,4.993852513879565,21.766333262125652,23.63083591328921,19.901830610962094,23.09999942779541,22.670000076293945,22.019999980926514,19.665000438690186,25.36000061035156
2021-05-06,24.350000381469727,24.90999984741211,23.690000534057617,24.170000076293945,16544500,0,0,-0.008206842677554227,4.952868751943247,21.8793332417806,23.89480022155943,19.86386626200177,23.489999771118164,22.844999313354492,22.019999980926514,19.960000038146973,25.13999938964844
2021-05-07,23.030000686645508,24.450000762939453,22.799999237060547,24.350000381469727,1151100,0,0,0.0074472612580720465,4.989754059515909,21.98266658782959,24.168032404676275,19.797300770982908,23.489999771118164,22.844999313354492,22.019999980926514,20.075000286102295,25.68000030517578
2021-05-10,24.43000030517578,25.5,24.1299991607666,25.0,1051300,0,0,0.026694029090238658,5.122950699533763,22.105333264668783,24.526880715580376,19.68378581375719,23.670000076293945,23.104999542236328,21.93499994277954,20.324999809265137,26.34000015258789
2021-05-11,24.309999465942383,25.0,24.13999938964844,24.61000061035156,916800,0,0,-0.01559997558593762,5.043032793693074,22.243999926249185,24.745103801553572,19.742896050944797,23.670000076293945,23.125,21.72000026702881,20.324999809265137,25.309999465942383
2021-05-12,24.770000457763672,24.770000457763672,22.8799991607666,22.899999618530277,791800,0,0,-0.0694839881922642,4.692622762602904,22.30766658782959,24.77507584083384,19.840257334825342,23.670000076293945,23.125,21.64750051498413,20.324999809265137,22.809999465942383
2021-05-13,22.76000022888184,23.6299991607666,22.68000030517578,23.420000076293945,671000,0,0,0.022707443948728034,4.7991802309572344,22.397666613260906,24.823755557365423,19.97157766915639,23.670000076293945,23.125,21.577500343322754,20.324999809265137,23.670000076293945
2021-05-14,23.57999992370605,24.61000061035156,23.420000076293945,24.520000457763672,857500,0,0,0.046968419209492795,5.024590139906744,22.51066665649414,25.004452462438486,20.016880850549796,24.09000015258789,23.125,21.6225004196167,20.324999809265137,23.56999969482422
2021-05-17,24.25,25.0,24.15999984741211,24.979999542236328,411800,0,0,0.018760158070348254,5.118852245170108,22.649333318074543,25.212856791804956,20.08580984434413,24.09000015258789,23.125,21.64750051498413,20.324999809265137,23.32999992370605
2021-05-18,25.0,25.1299991607666,24.270000457763672,24.270000457763672,464300,0,0,-0.02842270206099029,4.973360632911406,22.756666692097983,25.313025263585406,20.20030812061056,24.09000015258789,23.125,21.752500534057617,20.324999809265137,23.81999969482422
2021-05-19,23.780000686645508,23.799999237060547,22.96999931335449,23.420000076293945,1035200,0,0,-0.03502267677946502,4.7991802309572344,22.833000055948894,25.32690899444301,20.339091117454778,24.09000015258789,23.125,21.84000015258789,20.454999923706055,24.0
2021-05-20,23.549999237060547,23.549999237060547,22.739999771118164,23.3799991607666,444900,0,0,-0.001707981016098814,4.7909833222299225,22.899000040690105,25.34233440267672,20.45566567870349,24.09000015258789,23.125,21.84000015258789,20.454999923706055,23.3799991607666
2021-05-21,23.600000381469727,24.239999771118164,22.739999771118164,24.1299991607666,503200,0,0,0.03207870089484666,4.944671843215935,22.97666670481364,25.42343036617091,20.52990304345637,23.90499973297119,23.125,21.880000114440918,20.570000648498535,23.3799991607666
2021-05-24,24.200000762939453,24.36000061035156,23.770000457763672,24.18000030517578,304000,0,0,0.002072156906266276,4.954917979125075,23.046000035603843,25.507210517494446,20.58478955371324,23.90499973297119,23.125,22.05750036239624,20.850000381469727,23.01000022888184
2021-05-25,24.21999931335449,24.729999542236328,23.309999465942383,23.309999465942383,460700,0,0,-0.035980183137018895,4.776639122807247,23.111666679382324,25.491605868752284,20.731727490012364,23.90499973297119,23.125,22.05750036239624,21.190000534057617,23.31999969482422
2021-05-26,23.26000022888184,23.899999618530277,23.149999618530277,23.82999992370605,373800,0,0,0.02230804245720508,4.883196591161578,23.177666664123535,25.523788890672545,20.831544437574525,23.934999465942383,23.130000114440918,22.03000020980835,21.190000534057617,22.690000534057617
2021-05-27,24.06999969482422,24.649999618530277,23.780000686645508,24.43000030517578,492800,0,0,0.025178362710477797,5.006147486120414,23.256666692097983,25.60651052939291,20.906822854803057,23.934999465942383,23.27999973297119,22.03000020980835,21.190000534057617,22.15999984741211
2021-05-28,24.51000022888184,24.51000022888184,23.649999618530277,24.239999771118164,335300,0,0,-0.007777344727145308,4.967212951365923,23.301000022888182,25.672945526174946,20.92905451960142,23.934999465942383,23.27999973297119,21.922500133514404,21.190000534057617,22.1200008392334
2021-06-01,24.399999618530277,24.75,24.1200008392334,24.5,391700,0,0,0.010726082150859684,5.020491685543088,23.37866668701172,25.74998316487746,21.00735020914598,23.744999885559082,23.670000076293945,21.922500133514404,21.350000381469727,21.56999969482422
2021-06-02,24.799999237060547,24.920000076293945,24.25,24.450000762939453,327700,0,0,-0.002040785186144811,5.010245940484069,23.49466673533122,25.720237788625035,21.269095682037403,23.829999923706055,23.670000076293945,21.922500133514404,21.505000114440918,23.15999984741211
2021-06-03,24.440000534057617,25.030000686645508,24.11000061035156,24.90999984741211,419100,0,0,0.01881386789851991,5.104508045747432,23.609000078837077,25.760487575969368,21.457512581704787,23.885000228881836,23.670000076293945,21.83750009536743,22.005000114440918,23.299999237060547
2021-06-04,25.01000022888184,25.399999618530277,24.63999938964844,25.290000915527344,293900,0,0,0.015254960676152507,5.182377115256413,23.74800008138021,25.77427269419084,21.721727468569576,24.274999618530277,23.670000076293945,21.65750026702881,22.010000228881836,22.63999938964844
2021-06-07,25.61000061035156,26.489999771118164,25.61000061035156,26.350000381469727,507900,0,0,0.04191377728624657,5.3995901154786115,23.895000076293947,26.012486996281567,21.777513156306327,24.81999969482422,24.164999961853027,21.767499923706055,22.03499984741211,22.479999542236328
2021-06-08,26.31999969482422,26.68000030517578,25.899999618530277,26.489999771118164,382800,0,0,0.005313069738962506,5.428278514323962,24.04200007120768,26.245075573859655,21.838924568555708,24.914999961853027,24.260000228881836,21.767499923706055,22.03499984741211,22.61000061035156
2021-06-09,26.25,26.68000030517578,25.739999771118164,25.90999984741211,457300,0,0,-0.02189505204671327,5.309426073728783,24.171000035603843,26.34326010432757,21.998739966880116,25.164999961853027,24.68000030517578,21.81500005722046,22.03499984741211,21.700000762939453
2021-06-10,25.940000534057617,26.26000022888184,25.200000762939453,25.299999237060547,405200,0,0,-0.023543057273019974,5.184425951588121,24.26433334350586,26.381657152475103,22.14700953453662,25.164999961853027,24.68000030517578,22.884999752044678,22.344999313354492,20.780000686645508
2021-06-11,25.420000076293945,25.780000686645508,25.100000381469727,25.36000061035156,317200,0,0,0.0023715958537706694,5.196721314679088,24.36433334350586,26.394591994283772,22.334074692727945,25.395000457763672,24.68000030517578,22.884999752044678,22.344999313354492,21.399999618530277
2021-06-14,25.420000076293945,25.86000061035156,24.920000076293945,25.13999938964844,532000,0,0,-0.008675126790545717,5.151639098379116,24.46200002034505,26.345861549616547,22.578138491073556,25.395000457763672,24.68000030517578,23.167499542236328,22.344999313354492,22.030000686645508
2021-06-15,25.1299991607666,25.82999992370605,24.75,25.68000030517578,289100,0,0,0.02147975054246376,5.262295021097102,24.58200003306071,26.295653946212497,22.86834611990892,25.395000457763672,24.68000030517578,23.167499542236328,22.344999313354492,21.40999984741211
2021-06-16,25.68000030517578,26.399999618530277,25.21999931335449,26.34000015258789,350900,0,0,0.02570092833211879,5.397540888296784,24.641000048319498,26.46642076361926,22.815579333019734,25.65999984741211,24.68000030517578,23.387499809265137,22.524999618530273,21.86000061035156
2021-06-17,26.549999237060547,26.700000762939453,24.899999618530277,25.309999465942383,526700,0,0,-0.03910405013966223,5.18647517876995,24.672333335876466,26.510217551378332,22.8344491203746,25.725000381469727,24.690000534057617,23.397500038146973,22.524999618530273,22.15999984741211
2021-06-18,23.690000534057617,24.82999992370605,22.790000915527344,22.809999465942383,1719900,0,0,-0.09877518975707789,4.674180108816573,24.62699998219808,26.575246535291523,22.678753429104635,24.7450008392334,24.690000534057617,23.397500038146973,22.760000228881836,22.21999931335449
2021-06-21,22.950000762939453,24.09000015258789,22.950000762939453,23.670000076293945,456900,0,0,0.0377027895873312,4.850409737952574,24.604333305358885,26.580384976058536,22.628281634659235,24.7450008392334,24.72000026702881,23.397500038146973,22.760000228881836,22.68000030517578
2021-06-22,23.520000457763672,23.809999465942383,22.959999084472656,23.56999969482422,241100,0,0,-0.004224773179019925,4.829917856984415,24.556666628519693,26.56084570516895,22.552487551870435,24.7450008392334,24.72000026702881,23.607500076293945,22.760000228881836,23.049999237060547
2021-06-23,23.940000534057617,23.940000534057617,23.299999237060547,23.32999992370605,451400,0,0,-0.010182425720220545,4.780737577170904,24.513999938964844,26.56545062534727,22.462549252582416,24.7450008392334,24.72000026702881,23.607500076293945,22.760000228881836,23.3700008392334
2021-06-24,23.56999969482422,23.940000534057617,23.31999969482422,23.81999969482422,264000,0,0,0.02100299068669398,4.8811473639797525,24.54466660817464,26.52543240255981,22.56390081378947,24.7450008392334,24.72000026702881,23.607500076293945,22.760000228881836,23.559999465942383
2021-06-25,23.920000076293945,24.5,23.690000534057617,24.0,983200,0,0,0.007556687971532305,4.918032671552415,24.563999938964844,26.51173953320863,22.61626034472106,24.7450008392334,24.72000026702881,23.607500076293945,22.760000228881836,23.559999465942383
2021-06-28,23.8799991607666,23.8799991607666,23.059999465942383,23.3799991607666,381900,0,0,-0.0258333683013916,4.790983322229924,24.52599989573161,26.519338091499215,22.532661699964002,24.7450008392334,24.72000026702881,23.607500076293945,22.760000228881836,23.690000534057617
2021-06-29,23.709999084472656,23.940000534057617,23.299999237060547,23.3799991607666,243700,0,0,0.0,4.790983322229924,24.472666549682618,26.499674947103344,22.445658152261892,24.7450008392334,24.7450008392334,23.514999866485596,22.760000228881836,24.43000030517578
2021-06-30,23.26000022888184,24.51000022888184,22.81999969482422,23.01000022888184,396100,0,0,-0.015825446756458694,4.715163870752893,24.430666542053224,26.523443395797614,22.337889688308834,23.8100004196167,24.7450008392334,23.514999866485596,22.760000228881836,25.3700008392334
2021-07-01,23.46999931335449,23.479999542236328,23.06999969482422,23.31999969482422,261200,0,0,0.013472379959095893,4.7786883499890775,24.42733319600423,26.52680265114178,22.327863740866682,23.664999961853027,24.7450008392334,23.514999866485596,22.760000228881836,25.18000030517578
2021-07-02,23.25,23.31999969482422,22.36000061035156,22.690000534057617,364500,0,0,-0.02701540175862127,4.64959016433488,24.4043332417806,26.563082355242457,22.24558412831874,23.4350004196167,24.530000686645508,23.53249979019165,22.760000228881836,25.65999984741211
2021-07-06,22.600000381469727,22.65999984741211,21.940000534057617,22.15999984741211,241300,0,0,-0.02335833733674786,4.5409834687987205,24.338666598002117,26.640913779002265,22.03641941700197,23.225000381469727,24.320000648498535,23.607499599456787,22.760000228881836,26.299999237060547
2021-07-07,21.950000762939453,22.600000381469727,21.950000762939453,22.1200008392334,302200,0,0,-0.0018050094067749711,4.532786950921529,24.269999949137368,26.705229824406217,21.83477007386852,23.225000381469727,24.320000648498535,23.607499599456787,22.760000228881836,26.0
2021-07-08,21.489999771118164,22.020000457763672,21.15999984741211,21.56999969482422,427800,0,0,-0.024864426923242422,4.4200818010217136,24.211999956766764,26.81211364657755,21.611886266955977,22.835000038146973,23.93000030517578,23.707499980926514,22.760000228881836,25.32999992370605
2021-07-09,22.26000022888184,23.25,22.049999237060547,23.15999984741211,516900,0,0,0.0737134990766557,4.74590149678007,24.1896666208903,26.813763147701984,21.565570094078616,22.835000038146973,23.93000030517578,23.75,22.760000228881836,25.32999992370605
2021-07-12,22.799999237060547,23.5,22.670000076293945,23.299999237060547,287000,0,0,0.0060448786947673305,4.774589895625421,24.15199991861979,26.79348492883832,21.51051490840126,22.835000038146973,23.93000030517578,23.77750015258789,22.760000228881836,24.309999465942383
2021-07-13,23.21999931335449,23.229999542236328,22.479999542236328,22.63999938964844,318300,0,0,-0.02832617463619147,4.6393440284257395,24.0986665725708,26.794581360133694,21.402751785007904,22.835000038146973,23.93000030517578,23.97249984741211,22.760000228881836,24.290000915527344
2021-07-14,22.600000381469727,23.15999984741211,22.209999084472656,22.479999542236328,260800,0,0,-0.007067131259962389,4.606557175216732,24.031333223978677,26.78372892345273,21.278937524504624,22.329999923706055,23.93000030517578,24.492499828338623,23.255000114440918,23.059999465942383
2021-07-15,22.299999237060547,22.96999931335449,22.280000686645508,22.61000061035156,242700,0,0,0.0057829657812482615,4.633196737730374,23.969999885559083,26.763765271113037,21.17623450000513,22.329999923706055,23.93000030517578,24.58750009536743,23.350000381469727,23.790000915527344
2021-07-16,22.850000381469727,22.850000381469727,21.68000030517578,21.700000762939453,197700,0,0,-0.04024767018340902,4.446721363535356,23.86299991607666,26.748337881758577,20.977661950394744,22.329999923706055,23.93000030517578,24.922500133514404,23.440000534057617,24.18000030517578
2021-07-19,20.8799991607666,21.670000076293945,20.5,20.780000686645508,381600,0,0,-0.04239631538931443,4.258196762158509,23.712666575113932,26.749887702517515,20.67544544771035,22.0,23.600000381469727,24.922500133514404,23.440000534057617,24.420000076293945
2021-07-20,20.739999771118164,21.90999984741211,20.739999771118164,21.399999618530277,402900,0,0,0.029836328748690466,4.385245720630879,23.547666549682617,26.531561167199662,20.563771932165572,22.0,23.600000381469727,25.037500381469727,23.440000534057617,24.38999938964844
2021-07-21,21.65999984741211,22.07999992370605,21.59000015258789,22.030000686645508,153500,0,0,0.029439302773150988,4.514344297135196,23.39899991353353,26.22284185781931,20.575157969247748,22.0,23.600000381469727,25.037500381469727,23.614999771118164,24.07999992370605
2021-07-22,21.96999931335449,22.020000457763672,20.940000534057617,21.40999984741211,274600,0,0,-0.028143477980426934,4.3872949478127055,23.248999913533527,26.000998687772892,20.497001139294163,22.0,23.600000381469727,25.037500381469727,23.614999771118164,25.559999465942383
2021-07-23,21.700000762939453,21.959999084472656,21.51000022888184,21.86000061035156,243300,0,0,0.021018251571535806,4.479508216744361,23.13433329264323,25.821260097654722,20.44740648763174,21.864999771118164,23.600000381469727,25.170000076293945,23.69499969482422,24.420000076293945
2021-07-26,21.799999237060547,22.34000015258789,21.71999931335449,22.15999984741211,264400,0,0,0.013723660964514828,4.54098346879872,23.02766660054525,25.6052465008328,20.4500867002577,21.829999923706055,22.664999961853027,25.207500457763672,23.725000381469727,24.65999984741211
2021-07-27,21.8799991607666,22.26000022888184,21.75,22.21999931335449,290500,0,0,0.0027075571460071224,4.5532784410395655,22.930333264668782,25.40047735519428,20.460189174143284,21.734999656677246,22.505000114440918,24.717500686645508,23.725000381469727,24.770000457763672
2021-07-28,22.299999237060547,22.8799991607666,21.899999618530277,22.68000030517578,306500,0,0,0.020702115483182126,4.64754093715305,22.830333264668784,25.081692529140177,20.57897400019739,21.6899995803833,22.505000114440918,24.732500553131104,23.725000381469727,24.309999465942383
2021-07-29,22.86000061035156,23.700000762939453,22.770000457763672,23.049999237060547,385400,0,0,0.016313885666056516,4.7233603886300815,22.72066656748454,24.56335323784471,20.87797989712437,22.100000381469727,22.505000114440918,24.732500553131104,23.725000381469727,24.31999969482422
2021-07-30,22.770000457763672,24.34000015258789,22.770000457763672,23.3700008392334,537000,0,0,0.013882933308663192,4.788934485898214,22.65599994659424,24.251798084998576,21.060201808189902,22.539999961853027,22.505000114440918,24.732500553131104,23.725000381469727,24.729999542236328
2021-08-02,23.700000762939453,24.979999542236328,23.3799991607666,23.559999465942383,450400,0,0,0.008130022245870672,4.827868629802584,22.680999946594238,24.30863686374193,21.053363029446544,22.960000038146973,22.739999771118164,24.732500553131104,23.725000381469727,24.3700008392334
2021-08-03,23.549999237060547,23.71999931335449,22.88999938964844,23.559999465942383,346400,0,0,0.0,4.827868629802584,22.677333259582518,24.296570313063707,21.05809620610133,22.960000038146973,22.739999771118164,24.732500553131104,23.725000381469727,24.440000534057617
2021-08-04,23.25,23.799999237060547,23.049999237060547,23.690000534057617,203300,0,0,0.005517872286167069,4.854508192316227,22.681333287556967,24.30987649283371,21.052790082280225,23.244999885559082,22.739999771118164,24.732500553131104,23.725000381469727,23.729999542236328
2021-08-05,23.57999992370605,24.459999084472656,23.57999992370605,24.43000030517578,137800,0,0,0.031236798414348455,5.006147486120412,22.717999966939292,24.448936047207628,20.987063886670956,23.34999942779541,22.739999771118164,24.7450008392334,23.725000381469727,23.739999771118164
2021-08-06,24.799999237060547,25.63999938964844,24.790000915527344,25.3700008392334,258000,0,0,0.03847730341036737,5.198770541860915,22.76966667175293,24.707791797738693,20.831541545767166,23.69499969482422,23.06999969482422,24.27750062942505,23.725000381469727,22.700000762939453
2021-08-09,25.229999542236328,25.63999938964844,24.76000022888184,25.18000030517578,244200,0,0,-0.007489181228712893,5.159836007106424,22.80900001525879,24.88728435034029,20.730715680177287,23.76999950408936,23.06999969482422,24.205000400543213,23.725000381469727,23.100000381469727
2021-08-10,24.90999984741211,25.700000762939453,24.90999984741211,25.65999984741211,186900,0,0,0.019062729802178158,5.258196566733444,22.885000038146973,25.19364804244746,20.576352033846486,24.235000610351562,23.100000381469727,23.982500553131104,23.730000495910645,23.149999618530277
2021-08-11,25.82999992370605,26.31999969482422,25.309999465942383,26.299999237060547,186300,0,0,0.024941519620195196,5.389343979569469,22.982333374023437,25.590901989742363,20.37376475830451,24.545000076293945,23.40999984741211,23.77250051498413,23.880000114440918,22.8700008392334
2021-08-12,26.520000457763672,26.520000457763672,25.82999992370605,26.0,226500,0,0,-0.01140681542826072,5.327868727515113,23.08200003306071,25.905359087301143,20.258640978820274,24.704999923706055,23.510000228881836,23.77250051498413,23.880000114440918,22.84000015258789
2021-08-13,26.13999938964844,26.13999938964844,25.280000686645508,25.32999992370605,152400,0,0,-0.025769233703613392,5.190573633133602,23.149000040690105,26.084207968715802,20.213792112664407,24.704999923706055,23.510000228881836,23.382500171661377,23.93000030517578,22.6299991607666
2021-08-16,25.01000022888184,25.61000061035156,24.76000022888184,25.32999992370605,175800,0,0,0.0,5.190573633133602,23.237000020345054,26.267987468696568,20.20601257199354,24.78499984741211,23.510000228881836,23.382500171661377,23.93000030517578,23.440000534057617
2021-08-17,25.06999969482422,25.15999984741211,24.170000076293945,24.309999465942383,240900,0,0,-0.04026847456912397,4.981557150788596,23.30866667429606,26.33609697398668,20.281236374605438,25.050000190734863,23.510000228881836,23.382500171661377,23.93000030517578,24.26000022888184
2021-08-18,24.309999465942383,24.81999969482422,23.93000030517578,24.290000915527344,272600,0,0,-0.0008226470939687314,4.977459087275061,23.381000010172524,26.395123828420637,20.366876191924412,25.225000381469727,23.510000228881836,23.382500171661377,23.93000030517578,24.3700008392334
2021-08-19,23.959999084472656,24.15999984741211,22.790000915527344,23.059999465942383,632400,0,0,-0.05063818045386259,4.725409615811908,23.4306666692098,26.372490530580613,20.488842807838985,24.655000686645508,23.510000228881836,23.130000114440918,23.93000030517578,25.190000534057617
2021-08-20,22.850000381469727,23.809999465942383,22.850000381469727,23.790000915527344,227600,0,0,0.031656611729896644,4.875000073284386,23.45166670481364,26.39445022610445,20.50888318352283,24.655000686645508,23.510000228881836,23.130000114440918,23.93000030517578,24.8700008392334
2021-08-23,24.01000022888184,24.299999237060547,23.84000015258789,24.18000030517578,183700,0,0,0.016393416336268007,4.9549179791250735,23.481000073750813,26.434604479053192,20.527395668448435,24.655000686645508,23.510000228881836,23.130000114440918,23.93000030517578,25.559999465942383
2021-08-24,24.190000534057617,24.6299991607666,23.950000762939453,24.420000076293945,131900,0,0,0.009925548721634758,5.004098258938583,23.540333429972332,26.495480840469302,20.585186019475362,24.655000686645508,23.630000114440918,22.800000190734863,23.600000381469727,25.450000762939453
2021-08-25,24.46999931335449,24.799999237060547,24.3700008392334,24.38999938964844,275000,0,0,-0.0012285293428245803,4.9979505773931,23.604000091552734,26.547379995414648,20.66062018769082,24.46500015258789,23.730000495910645,22.800000190734863,23.600000381469727,27.559999465942383
2021-08-26,24.530000686645508,24.559999465942383,23.96999931335449,24.07999992370605,217900,0,0,-0.012710105522756199,4.934426098156913,23.65300006866455,26.5775639378185,20.7284361995106,24.200000762939453,23.730000495910645,22.800000190734863,23.600000381469727,27.81999969482422
2021-08-27,24.15999984741211,25.600000381469727,24.1299991607666,25.559999465942383,386600,0,0,0.06146177520454699,5.237704685765283,23.781666692097982,26.690921163760095,20.87241222043587,24.195000648498535,24.015000343322754,22.800000190734863,23.600000381469727,27.170000076293945
2021-08-30,25.670000076293945,25.690000534057617,24.36000061035156,24.420000076293945,221900,0,0,-0.04460091601987071,5.004098258938582,23.903000005086263,26.598494038332102,21.207505971840423,24.24000072479248,24.119999885559082,22.732500076293945,23.600000381469727,26.96999931335449
2021-08-31,24.600000381469727,24.88999938964844,24.190000534057617,24.65999984741211,175000,0,0,0.009828000424584316,5.0532785387520915,24.011666679382323,26.554254369737905,21.46907898902674,24.24000072479248,24.135000228881836,22.24749994277954,23.600000381469727,29.63999938964844
2021-09-01,24.82999992370605,25.030000686645508,24.200000762939453,24.770000457763672,201100,0,0,0.0044606898228796155,5.075819646902079,24.103000005086262,26.549952123660233,21.65604788651229,24.270000457763672,24.210000038146973,22.119999885559082,23.600000381469727,30.57999992370605
2021-09-02,24.920000076293945,25.25,24.280000686645508,24.309999465942383,190100,0,0,-0.018570891534929745,4.9815571507885945,24.199666659037273,26.43470968135963,21.964623636714915,24.765000343322754,24.645000457763672,22.09749984741211,23.600000381469727,29.739999771118164
2021-09-03,24.299999237060547,24.790000915527344,24.239999771118164,24.31999969482422,173800,0,0,0.0004113627766979544,4.983606377970422,24.281666628519694,26.342121384149554,22.221211872889835,24.820000648498535,24.645000457763672,22.302500247955322,23.600000381469727,29.13999938964844
2021-09-07,24.51000022888184,25.520000457763672,24.3799991607666,24.729999542236328,288600,0,0,0.016858546568952804,5.067622738174767,24.367333285013835,26.2769485638507,22.45771800617697,24.829999923706055,24.655000686645508,22.522500038146973,23.600000381469727,28.899999618530277
2021-09-08,24.59000015258789,24.770000457763672,24.100000381469727,24.3700008392334,249500,0,0,-0.014557165777059122,4.993852513879562,24.439000002543132,26.175490729921105,22.70250927516516,24.829999923706055,24.655000686645508,22.84999990463257,23.600000381469727,29.540000915527344
2021-09-09,24.40999984741211,25.11000061035156,24.040000915527344,24.440000534057617,337400,0,0,0.0028723714572682635,5.008196713302238,24.49766667683919,26.107589887680987,22.887743465997396,24.86500072479248,24.655000686645508,22.84999990463257,23.600000381469727,29.81999969482422
2021-09-10,24.6299991607666,24.940000534057617,23.68000030517578,23.729999542236328,252700,0,0,-0.029050776444619508,4.862704710193416,24.520333353678385,26.06637862181954,22.974288085537232,24.6850004196167,24.655000686645508,22.992499828338623,23.600000381469727,29.65999984741211
2021-09-13,23.979999542236328,24.200000762939453,23.40999984741211,23.739999771118164,338800,0,0,0.0004214171544352219,4.864753937375244,24.532666651407876,26.04759998714478,23.017733315670974,24.46500015258789,24.655000686645508,23.044999599456787,23.600000381469727,29.88999938964844
2021-09-14,23.770000457763672,24.15999984741211,22.549999237060547,22.700000762939453,308900,0,0,-0.04380787776771433,4.651639391516703,24.504000027974445,26.119967097078007,22.888032958870884,24.03499984741211,24.53499984741211,23.38249969482422,23.600000381469727,30.899999618530277
2021-09-15,22.61000061035156,23.34000015258789,22.440000534057617,23.100000381469727,615300,0,0,0.01762112797737525,4.733606524539218,24.48866672515869,26.148031673744878,22.829301776572503,23.980000495910645,24.480000495910645,23.419999599456787,23.600000381469727,31.76000022888184
2021-09-16,23.38999938964844,23.56999969482422,22.979999542236328,23.149999618530277,284700,0,0,0.0021644691010767048,4.743852269598238,24.470666694641114,26.175100638152465,22.766232751129763,23.980000495910645,24.480000495910645,23.667500495910645,23.600000381469727,31.82999992370605
2021-09-17,23.32999992370605,23.75,22.850000381469727,22.8700008392334,1739100,0,0,-0.012094979866554945,4.686475471907537,24.418666712443034,26.21686942305334,22.62046400183273,23.980000495910645,24.480000495910645,23.977499961853027,23.600000381469727,32.310001373291016
2021-09-20,22.3700008392334,22.920000076293945,22.100000381469727,22.84000015258789,389500,0,0,-0.001311792109515042,4.680327790362052,24.334333356221517,26.18244516793158,22.486221544511455,23.605000495910645,24.119999885559082,24.107500076293945,23.600000381469727,31.34000015258789
2021-09-21,22.959999084472656,23.200000762939453,22.540000915527344,22.6299991607666,322300,0,0,-0.009194439160172041,4.637294801243906,24.249333318074545,26.16684706443193,22.33181957171716,23.605000495910645,23.895000457763672,24.107500076293945,23.600000381469727,30.459999084472656
2021-09-22,22.82999992370605,23.82999992370605,22.700000762939453,23.440000534057617,274800,0,0,0.03579325688598822,4.803278685320887,24.175333340962727,26.040341690168873,22.31032499175658,23.520000457763672,23.895000457763672,24.147500038146973,23.600000381469727,31.86000061035156
2021-09-23,23.670000076293945,24.65999984741211,23.600000381469727,24.26000022888184,261700,0,0,0.03498292133708736,4.971311405729576,24.107333374023437,25.79932556607266,22.415341181974213,23.380000114440918,23.895000457763672,24.28000020980835,23.600000381469727,30.549999237060547
2021-09-24,24.15999984741211,24.559999465942383,23.18000030517578,24.3700008392334,184500,0,0,0.004534237811778752,4.993852513879562,24.053000068664552,25.59757660815126,22.508423529177843,23.380000114440918,23.895000457763672,24.36750030517578,23.600000381469727,31.040000915527344
2021-09-27,24.420000076293945,25.530000686645508,24.420000076293945,25.190000534057617,272200,0,0,0.03364791409871826,5.16188523428825,24.048333422342935,25.57832071586729,22.51834612881858,23.815000534057617,23.895000457763672,24.082500457763672,23.600000381469727,30.540000915527344
2021-09-28,24.979999542236328,25.3799991607666,24.6299991607666,24.8700008392334,229600,0,0,-0.01270344136720325,5.096311527870237,24.03300011952718,25.520198443212553,22.545801795841808,23.815000534057617,23.895000457763672,24.082500457763672,23.600000381469727,32.0
2021-09-29,24.950000762939453,25.790000915527344,24.670000076293945,25.559999465942383,430700,0,0,0.027744214050064775,5.237704685765282,24.07466678619385,25.656936273189455,22.49239729919824,23.945000648498535,23.945000648498535,24.082500457763672,23.600000381469727,31.770000457763672
2021-09-30,25.809999465942383,26.030000686645508,25.36000061035156,25.450000762939453,511400,0,0,-0.00430354872070704,5.215163968465415,24.113333447774252,25.769251153481246,22.45741574206726,24.065000534057617,24.065000534057617,24.142500400543213,23.600000381469727,32.689998626708984
2021-10-01,25.450000762939453,27.739999771118164,25.450000762939453,27.559999465942383,561300,0,0,0.08290760863455571,5.647540741727982,24.26333344777425,26.283070282566605,22.243596612981896,25.140000343322754,24.920000076293945,24.097500324249268,23.600000381469727,32.400001525878906
2021-10-04,27.540000915527344,28.229999542236328,27.18000030517578,27.81999969482422,412600,0,0,0.00943397075181851,5.700819475905147,24.39766674041748,26.775409383543252,22.01992409729171,25.46500015258789,25.164999961853027,23.96500062942505,23.600000381469727,32.38999938964844
2021-10-05,27.850000381469727,27.88999938964844,27.030000686645508,27.170000076293945,369800,0,0,-0.023364472525540747,5.567622835887294,24.497333399454753,27.07144332642509,21.923223472484416,25.704999923706055,25.164999961853027,24.105000495910645,23.600000381469727,31.90999984741211
2021-10-06,26.799999237060547,27.209999084472656,26.690000534057617,26.96999931335449,290500,0,0,-0.0073610880521843836,5.5266390739509745,24.582333374023438,27.303815044065853,21.860851703981023,25.704999923706055,25.164999961853027,24.18000030517578,23.600000381469727,32.060001373291016
2021-10-07,27.459999084472656,29.649999618530277,27.43000030517578,29.63999938964844,491700,0,0,0.09899889300226539,6.0737702242951865,24.75733337402344,28.023586655531954,21.491080092514924,27.03499984741211,25.875,24.187500476837158,23.510000228881836,31.57999992370605
2021-10-08,29.670000076293945,30.76000022888184,29.290000915527344,30.57999992370605,611400,0,0,0.03171391880614882,6.266393280035689,24.974000040690104,28.835635734685514,21.112364346694694,27.69499969482422,26.43000030517578,24.240000247955322,23.510000228881836,31.559999465942383
2021-10-11,30.850000381469727,31.299999237060547,29.729999542236328,29.739999771118164,312100,0,0,-0.027468939002079806,6.094262105263345,25.113333384195965,29.332170806444218,20.89449596194771,27.984999656677246,26.699999809265137,24.705000400543213,23.510000228881836,31.559999465942383
2021-10-12,29.68000030517578,29.84000015258789,29.020000457763672,29.13999938964844,299000,0,0,-0.020174861670725686,5.971311210304512,25.270666694641115,29.71863181298679,20.82270157629544,28.329999923706055,26.699999809265137,24.732500553131104,23.510000228881836,30.06999969482422
2021-10-13,29.18000030517578,29.3700008392334,28.520000457763672,28.899999618530277,332000,0,0,-0.008236093896536567,5.922130930491003,25.41200002034505,30.038067521902324,20.785932518787778,28.375,26.699999809265137,24.74250030517578,23.510000228881836,30.520000457763672
2021-10-14,29.049999237060547,29.56999969482422,28.670000076293945,29.540000915527344,396000,0,0,0.022145373890825493,6.053278734177148,25.57100003560384,30.418964167833565,20.723035903374118,28.994999885559082,26.699999809265137,24.74250030517578,23.510000228881836,30.540000915527344
2021-10-15,29.850000381469727,30.299999237060547,29.5,29.81999969482422,430300,0,0,0.009478631368277979,6.11065553186785,25.7546667098999,30.809332847207337,20.700000572592465,28.994999885559082,26.699999809265137,24.760000705718994,23.510000228881836,30.81999969482422
2021-10-18,29.690000534057617,30.43000030517578,29.56999969482422,29.65999984741211,417100,0,0,-0.0053655214302326115,6.077868678658843,25.932666714986166,31.145290408213956,20.720043021758375,28.994999885559082,26.699999809265137,24.670000553131104,23.510000228881836,31.0
2021-10-19,29.850000381469727,29.920000076293945,29.479999542236328,29.88999938964844,332000,0,0,0.007754536190815342,6.124999731290527,26.104666709899902,31.483960393964754,20.72537302583505,29.364999771118164,26.699999809265137,24.5600004196167,23.510000228881836,30.979999542236328
2021-10-20,29.790000915527344,30.90999984741211,29.75,30.899999618530277,324600,0,0,0.03379057375396344,6.331966986453706,26.322333335876465,31.925551961132378,20.719114710620552,29.90999984741211,26.699999809265137,24.28499984741211,23.510000228881836,29.290000915527344
2021-10-21,31.11000061035156,31.780000686645508,30.90999984741211,31.76000022888184,310700,0,0,0.0278317353064248,6.508196615589705,26.56633332570394,32.44910219161199,20.68356445979589,30.15000057220459,26.940000534057617,24.230000495910645,23.510000228881836,29.1200008392334
2021-10-22,31.670000076293945,31.8799991607666,31.40999984741211,31.82999992370605,277700,0,0,0.002204020602007306,6.52254081501238,26.836333338419596,32.91266321421085,20.760003462628337,30.199999809265137,26.989999771118164,24.230000495910645,23.510000228881836,28.270000457763672
2021-10-25,32.060001373291016,32.31999969482422,31.90999984741211,32.310001373291016,201300,0,0,0.015080158678463462,6.620901765489521,27.122000058492024,33.39068173096893,20.85331838601512,30.420000076293945,27.210000038146973,24.230000495910645,23.510000228881836,27.82999992370605
2021-10-26,32.27000045776367,32.27000045776367,31.34000015258789,31.34000015258789,283900,0,0,-0.030021701624097563,6.422131028203533,27.410000038146972,33.633605200087516,21.186394876206425,30.494999885559082,27.43000030517578,23.862500190734863,23.510000228881836,29.0
2021-10-27,31.030000686645508,31.26000022888184,30.399999618530277,30.459999084472656,223600,0,0,-0.028079166044374437,6.241802944703877,27.65533332824707,33.75988930634021,21.55077735015393,30.899999618530273,27.510000228881836,23.750000476837158,23.510000228881836,26.979999542236328
2021-10-28,30.6299991607666,32.09000015258789,30.56999969482422,31.86000061035156,303300,0,0,0.045961968744528514,6.528688496557862,27.945666694641112,33.99411321239375,21.897220176888474,30.899999618530273,27.75,23.707500457763672,23.510000228881836,27.040000915527344
2021-10-29,31.1299991607666,31.920000076293945,29.84000015258789,30.549999237060547,365600,0,0,-0.041117430891240536,6.260245598490207,28.201666641235352,34.0162192102455,22.387114072225202,30.899999618530273,27.75,23.637500286102295,23.510000228881836,26.790000915527344
2021-11-01,31.38999938964844,31.6200008392334,30.690000534057617,31.040000915527344,459400,0,0,0.01603933521125489,6.360655776149175,28.475,34.02217548425414,22.92782451574586,31.03499984741211,28.369999885559082,23.637500286102295,23.510000228881836,26.65999984741211
2021-11-02,31.020000457763672,31.520000457763672,30.43000030517578,30.540000915527344,366300,0,0,-0.016108246947566296,6.2581967621585,28.73866672515869,33.88979103355868,23.5875424167587,31.079999923706055,28.47499942779541,23.855000495910645,23.510000228881836,26.15999984741211
2021-11-03,30.5,32.08000183105469,30.420000076293945,32.0,395500,0,0,0.04780612445006027,6.5573768954032134,29.024000040690105,33.912796497192396,24.135203584187813,31.079999923706055,28.494999885559082,23.855000495910645,23.510000228881836,26.0
2021-11-04,31.920000076293945,32.16999816894531,31.07999992370605,31.770000457763672,323900,0,0,-0.007187485694885254,6.510245842771532,29.27433338165283,33.9266122001808,24.62205456312486,31.079999923706055,28.84000015258789,23.945000648498535,23.510000228881836,25.32999992370605
2021-11-05,32.15999984741211,33.36000061035156,32.15999984741211,32.689998626708984,271200,0,0,0.02895807855490573,6.698770053298259,29.55166664123535,33.989832445085916,25.113500837384787,31.600000381469727,29.405000686645508,24.065000534057617,23.630000114440918,25.239999771118164
2021-11-08,32.939998626708984,33.15999984741211,32.09000015258789,32.400001525878906,216100,0,0,-0.00887112612458596,6.639344419275851,29.792000007629394,34.03727835494821,25.54672166031058,31.600000381469727,30.02500057220459,25.03000020980835,24.34000015258789,25.149999618530277
2021-11-09,32.27000045776367,32.75,31.799999237060547,32.38999938964844,220000,0,0,-0.0003087078938092125,6.637294801243902,30.042666625976562,33.974281053767896,26.111052198185224,31.600000381469727,30.02500057220459,25.31500005722046,24.585000038146973,24.82999992370605
2021-11-10,32.310001373291016,32.52000045776367,31.68000030517578,31.90999984741211,210900,0,0,-0.014819374846599453,6.538934241616883,30.254333305358887,33.87090368834522,26.637762922372552,31.600000381469727,30.02500057220459,25.43499994277954,24.869999885559082,24.209999084472656
2021-11-11,32.13999938964844,32.349998474121094,31.489999771118164,32.060001373291016,155300,0,0,0.0047007686178686114,6.569672258494182,30.474666659037272,33.67794039703261,27.271392921041933,31.890000343322754,30.395000457763672,25.43499994277954,24.97499942779541,23.209999084472656
2021-11-12,32.04999923706055,32.04999923706055,31.200000762939453,31.57999992370605,224000,0,0,-0.014971972209110729,6.471311308017041,30.60866667429606,33.64611431092231,27.57121903766981,31.890000343322754,30.940000534057617,26.454999923706055,25.699999809265137,24.13999938964844
2021-11-15,31.780000686645508,32.16999816894531,31.34000015258789,31.559999465942383,298200,0,0,-0.0006333267198223025,6.467212853653386,30.733333333333334,33.60631896025169,27.860347706414977,31.890000343322754,30.940000534057617,27.0625,26.32999992370606,24.790000915527344
2021-11-16,31.57999992370605,31.68000030517578,31.040000915527344,31.559999465942383,315800,0,0,0.0,6.467212853653386,30.879666646321613,33.444324547504195,28.31500874513903,32.20000076293945,30.940000534057617,27.34249973297119,26.699999809265137,24.81999969482422
2021-11-17,31.3700008392334,31.75,30.030000686645508,30.06999969482422,514900,0,0,-0.047211653876169435,6.161885038863188,30.982999992370605,33.12706695752053,28.838933027220676,31.695000648498535,30.940000534057617,27.514999866485596,26.699999809265137,25.38999938964844
2021-11-18,30.06999969482422,30.899999618530277,29.850000381469727,30.520000457763672,300900,0,0,0.014965107000546762,6.254098307794844,31.01233336130778,33.105912384923144,28.918754337692413,31.505000114440918,31.015000343322754,27.53749990463257,26.699999809265137,25.049999237060547
2021-11-19,30.06999969482422,30.59000015258789,29.770000457763672,30.540000915527344,344900,0,0,0.0006553229837382712,6.258196762158501,31.011000061035155,33.10572189238879,28.91627822968152,31.260000228881836,31.420000076293945,27.84749984741211,26.699999809265137,25.51000022888184
2021-11-22,30.75,31.790000915527344,30.540000915527344,30.81999969482422,526400,0,0,0.00916826361830636,6.315573559849201,31.047000058492024,33.089925872419364,29.004074244564684,31.145000457763672,31.420000076293945,27.84749984741211,26.699999809265137,25.299999237060547
2021-11-23,31.040000915527344,31.420000076293945,30.559999465942383,31.0,242700,0,0,0.005840373360094908,6.3524588674218645,31.109000078837077,33.02650332677461,29.191496830899546,31.059999465942383,31.420000076293945,27.84749984741211,26.699999809265137,25.309999465942383
2021-11-24,30.75,31.3700008392334,30.350000381469727,30.979999542236328,252500,0,0,-0.0006451760568926268,6.3483604130582085,31.178333409627278,32.914280640118115,29.442386179136445,30.969999313354492,31.55500030517578,28.03249979019165,26.699999809265137,25.68000030517578
2021-11-26,30.059999465942383,30.15999984741211,28.36000061035156,29.290000915527344,317900,0,0,-0.054551279912220085,6.002049227181813,31.170000076293945,32.939189219860985,29.400810932726902,30.264999389648438,30.860000610351562,28.304999828338623,26.699999809265137,25.96999931335449
2021-11-29,30.030000686645508,30.5,28.82999992370605,29.1200008392334,282800,0,0,-0.005804031102089269,5.9672131467909795,31.146666781107584,33.00223735646775,29.291096205747415,30.075000762939453,30.860000610351562,28.545000553131104,26.940000534057617,26.01000022888184
2021-11-30,28.6299991607666,29.040000915527344,28.020000457763672,28.270000457763672,371400,0,0,-0.02918957269824385,5.7930327448368075,31.100333468119302,33.15898328033881,29.041683655899796,29.905000686645508,30.690000534057617,28.59499979019165,26.989999771118164,27.1299991607666
2021-12-01,29.149999618530277,29.489999771118164,27.809999465942383,27.82999992370605,259900,0,0,-0.015564220973925957,5.7028687030869785,31.031666819254557,33.3644789289822,28.698854709526913,29.800000190734863,30.585000038146973,28.81500005722046,27.210000038146973,27.280000686645508
2021-12-02,28.06999969482422,29.530000686645508,27.8799991607666,29.0,411300,0,0,0.04204096584626016,5.942622811459164,30.96833349863688,33.411807169788176,28.52485982748559,29.800000190734863,30.585000038146973,28.96250009536743,27.210000038146973,26.770000457763672
2021-12-03,29.170000076293945,29.43000030517578,26.729999542236328,26.979999542236328,413400,0,0,-0.06965518819874728,5.528688301132807,30.809000142415364,33.61859240671933,27.9994078781114,29.260000228881836,30.045000076293945,29.204999923706055,27.210000038146973,26.75
2021-12-06,27.46999931335449,27.71999931335449,26.75,27.040000915527344,474100,0,0,0.0022239204710543525,5.540983664223775,30.64933350880941,33.73740308541507,27.561263932203747,29.074999809265137,30.045000076293945,29.324999809265137,27.210000038146973,29.59000015258789
2021-12-07,27.84000015258789,27.84000015258789,26.56999969482422,26.790000915527344,356900,0,0,-0.00924556181713887,5.489754157228438,30.46533349355062,33.783368223734044,27.147298763367196,28.97000026702881,29.96500015258789,29.324999809265137,27.210000038146973,30.950000762939453
2021-12-08,27.020000457763672,27.21999931335449,26.399999618530277,26.65999984741211,533800,0,0,-0.004852596628314609,5.463114594714795,30.309333483378094,33.87717913289934,26.741487833856844,28.449999809265137,29.880000114440918,29.702499866485596,27.210000038146973,32.119998931884766
2021-12-09,26.5,26.6299991607666,25.82999992370605,26.15999984741211,310900,0,0,-0.01875468877951003,5.36065558072412,30.166000175476075,34.02936459811134,26.302635752840807,28.164999961853027,29.59500026702881,29.777499675750732,27.210000038146973,31.13999938964844
2021-12-10,26.65999984741211,26.65999984741211,25.32999992370605,26.0,231700,0,0,-0.006116202153874872,5.3278687275151135,29.97066682179769,34.05635996042482,25.88497368317056,27.43000030517578,29.34500026702881,29.78749990463257,27.210000038146973,30.0
2021-12-13,25.8799991607666,26.229999542236328,25.299999237060547,25.32999992370605,291100,0,0,-0.025769233703613392,5.190573633133603,29.796666844685873,34.19904497839102,25.394288710980728,27.414999961853027,29.329999923706055,29.960000038146973,27.210000038146973,29.309999465942383
2021-12-14,25.299999237060547,25.75,25.190000534057617,25.239999771118164,356900,0,0,-0.0035531051266863845,5.172130979347273,29.603333473205566,34.27003378732389,24.936633159087243,27.360000610351562,29.175000190734863,30.502500534057617,27.730000495910645,28.600000381469727
2021-12-15,25.459999084472656,25.8700008392334,24.90999984741211,25.149999618530277,709300,0,0,-0.0035657746990502837,5.1536883255609425,29.423666763305665,34.339023917992,24.508309608619328,27.170000076293945,28.829999923706055,30.812500476837158,27.730000495910645,29.25
2021-12-16,25.81999969482422,25.81999969482422,24.799999237060547,24.82999992370605,434400,0,0,-0.012723646110453735,5.088114619142928,29.184666760762532,34.268936781610776,24.100396739914288,26.31999969482422,28.65999984741211,30.812500476837158,27.730000495910645,28.15999984741211
2021-12-17,24.57999992370605,24.780000686645508,23.32999992370605,24.209999084472656,2171100,0,0,-0.024969828479196154,4.9610652698204385,28.932666714986166,34.22324966700144,23.64208376297089,25.585000038146973,27.839999198913574,30.812500476837158,27.730000495910645,28.06999969482422
2021-12-20,23.82999992370605,23.82999992370605,22.799999237060547,23.209999084472656,385700,0,0,-0.041305247328214945,4.756147241839088,28.616666730244955,34.09950479476335,23.13382866572656,25.00999927520752,27.48499870300293,31.142500400543213,27.730000495910645,26.75
2021-12-21,23.51000022888184,24.489999771118164,23.5,24.13999938964844,379100,0,0,0.040068950532529346,4.946721070397764,28.34133332570394,33.86572337052662,22.816943280881258,24.729999542236328,27.48499870300293,31.415000438690186,27.730000495910645,27.549999237060547
2021-12-22,24.09000015258789,24.88999938964844,23.950000762939453,24.790000915527344,209800,0,0,0.026926327353497426,5.079918101265737,28.088000043233237,33.54356059812895,22.632439488337525,24.729999542236328,27.295000076293945,31.415000438690186,27.730000495910645,29.81999969482422
2021-12-23,24.96999931335449,25.3799991607666,24.799999237060547,24.81999969482422,131400,0,0,0.0012101161028228447,5.0860653919611005,27.85166670481364,33.23876763828845,22.46456577133883,24.514999389648438,27.295000076293945,31.570000648498535,27.730000495910645,30.3700008392334
2021-12-27,24.920000076293945,25.38999938964844,24.71999931335449,25.38999938964844,188000,0,0,0.022965338510583688,5.2028686053744515,27.629333305358887,32.85246549715033,22.406201113567448,24.335000038146973,27.295000076293945,31.317500591278076,27.730000495910645,31.0
2021-12-28,25.25,25.56999969482422,25.030000686645508,25.049999237060547,168500,0,0,-0.013391105189490937,5.133196444592782,27.411666615804037,32.50151827378218,22.321814957825897,24.335000038146973,27.295000076293945,31.260000228881836,27.730000495910645,30.43000030517578
2021-12-29,24.8700008392334,25.520000457763672,24.81999969482422,25.51000022888184,262900,0,0,0.018363313606043485,5.227458940706267,27.209999974568685,32.10330201086855,22.316697938268817,24.309999465942383,27.295000076293945,31.34000015258789,27.730000495910645,30.799999237060547
2021-12-30,25.65999984741211,25.88999938964844,25.280000686645508,25.299999237060547,196700,0,0,-0.00823210466237212,5.18442595158812,27.001333300272623,31.664806659317406,22.33785994122784,24.344999313354492,27.109999656677246,31.28250026702881,27.730000495910645,30.780000686645508
2021-12-31,25.15999984741211,25.440000534057617,25.06999969482422,25.309999465942383,218600,0,0,0.0003952659756285559,5.186475178769949,26.842666625976562,31.401115475190743,22.284217776762382,24.344999313354492,27.085000038146973,31.239999771118164,27.730000495910645,31.0
2022-01-03,25.549999237060547,26.34000015258789,25.270000457763672,25.68000030517578,278800,0,0,0.014618761242222833,5.262295021097102,26.681333287556967,31.04753741309559,22.315129162018344,24.920000076293945,26.649999618530273,31.262499809265137,27.730000495910645,30.31999969482422
2022-01-04,25.65999984741211,26.51000022888184,25.65999984741211,25.96999931335449,244800,0,0,0.011292796134440009,5.32172104596963,26.528999900817873,30.660122613188435,22.39787718844731,25.230000495910645,26.649999618530273,30.5625,27.730000495910645,29.459999084472656
2022-01-05,25.989999771118164,26.600000381469727,25.959999084472656,26.01000022888184,340500,0,0,0.0015402740309962137,5.329917954696943,26.36866658528646,30.184500404677106,22.55283276589581,25.65999984741211,26.164999961853027,30.467500686645508,27.730000495910645,28.57999992370605
2022-01-06,26.209999084472656,27.200000762939453,26.09000015258789,27.1299991607666,393100,0,0,0.043060319954980164,5.559425927159987,26.239666557312013,29.66455750477466,22.814775609849367,25.960000038146973,26.164999961853027,30.297500610351562,27.730000495910645,29.15999984741211
2022-01-07,27.11000061035156,27.59000015258789,26.88999938964844,27.280000686645508,498400,0,0,0.00552899117283534,5.590163944037287,26.11633326212565,29.088894554754688,23.143771969496612,26.204999923706055,26.164999961853027,30.192500114440918,27.730000495910645,30.34000015258789
2022-01-10,27.21999931335449,27.299999237060547,26.450000762939453,26.770000457763672,324600,0,0,-0.018695022582294052,5.485655702864784,26.032333246866862,28.776496431414564,23.28817006231916,26.204999923706055,26.114999771118164,30.192500114440918,27.950000762939453,30.049999237060547
2022-01-11,26.75,27.06999969482422,26.489999771118164,26.75,281500,0,0,-0.0007471220553479929,5.481557248501128,25.953333218892414,28.465491404488304,23.441175033296524,26.329999923706055,25.31999969482422,29.65250015258789,28.030000686645508,28.670000076293945
2022-01-12,27.51000022888184,29.82999992370605,27.489999771118164,29.59000015258789,686400,0,0,0.10616823000328557,6.063524479236173,25.99733320871989,28.707358850700704,23.287307566739077,27.449999809265137,26.3149995803833,29.55999994277954,28.270000457763672,29.299999237060547
2022-01-13,29.540000915527344,31.729999542236328,29.540000915527344,30.950000762939453,936500,0,0,0.04596149386070958,6.342213122362848,26.101333236694337,29.280272739237766,22.92239373415091,28.5,27.264999389648438,29.46750020980835,28.270000457763672,29.190000534057617
2022-01-14,30.600000381469727,32.189998626708984,30.43000030517578,32.119998931884766,518000,0,0,0.03780284782242416,6.581966839884912,26.205333201090493,29.913194227769214,22.497472174411772,28.924999237060547,27.494998931884766,29.164999961853027,28.890000343322754,28.68000030517578
2022-01-18,32.0099983215332,32.689998626708984,31.06999969482422,31.13999938964844,503300,0,0,-0.030510572068030206,6.381147266267218,26.3439998626709,30.44498329532446,22.243016430017338,29.32499885559082,27.744998931884766,28.880000114440918,28.994999885559082,28.290000915527344
2022-01-19,31.46999931335449,32.11000061035156,29.90999984741211,30.0,344200,0,0,-0.03660884431575806,6.147540839440516,26.442666498819985,30.742181784412058,22.143151213227913,29.389999389648438,27.744998931884766,28.387500286102295,29.015000343322754,29.350000381469727
2022-01-20,30.100000381469727,30.82999992370605,29.13999938964844,29.309999465942383,414600,0,0,-0.023000017801920625,6.006147290695351,26.52666645050049,30.94604605692535,22.107286844075627,29.56999969482422,27.744998931884766,28.37249994277954,29.329999923706055,29.299999237060547
2022-01-21,28.88999938964844,29.56999969482422,28.459999084472656,28.600000381469727,421900,0,0,-0.024223783603191773,5.86065567843665,26.591333134969076,31.072559368869793,22.11010690106836,29.56999969482422,27.744998931884766,28.267500400543213,29.27500057220459,27.520000457763672
2022-01-24,28.049999237060547,29.3700008392334,27.93000030517578,29.25,479200,0,0,0.022727259086031903,5.993852318454504,26.69433314005534,31.271552837529992,22.117113442580685,29.589999198913574,27.744998931884766,28.0,29.135000228881836,29.520000457763672
2022-01-25,28.8799991607666,28.920000076293945,27.86000061035156,28.15999984741211,512100,0,0,-0.03726496248163724,5.770491636686822,26.766333134969077,31.36535939427302,22.167306875665133,30.089999198913574,27.744998931884766,27.489999771118164,29.079999923706055,28.530000686645508
2022-01-26,28.5,29.100000381469727,27.709999084472656,28.06999969482422,444900,0,0,-0.003196028163194864,5.752048982900491,26.857666460673013,31.447844931777436,22.26748798956859,30.19999885559082,27.744998931884766,26.712499618530273,28.34500026702881,26.71999931335449
2022-01-27,28.059999465942383,28.459999084472656,26.600000381469727,26.75,476500,0,0,-0.04702528354738855,5.481557248501128,26.907999801635743,31.459324343011954,22.356675260259532,29.644999504089355,28.094999313354492,26.247498989105225,28.079999923706055,24.350000381469727
2022-01-28,26.799999237060547,27.940000534057617,26.40999984741211,27.549999237060547,483700,0,0,0.029906513534973644,5.645491514546159,26.987999788920085,31.497358500431723,22.478641077408447,29.549999237060547,28.31999969482422,26.10749912261963,28.079999923706055,24.82999992370605
2022-01-31,27.6299991607666,30.1299991607666,27.5,29.81999969482422,596200,0,0,0.08239566318063796,6.110655531867854,27.154333114624023,31.700748614295893,22.607917614952154,29.260000228881836,28.70499897003174,26.012499809265137,28.079999923706055,26.18000030517578
2022-02-01,29.709999084472656,30.479999542236328,29.309999465942383,30.3700008392334,462700,0,0,0.01844403588322785,6.223360681767669,27.359666506449383,31.91200115370127,22.807331859197497,28.619999885559082,28.70499897003174,25.90499973297119,28.079999923706055,27.229999542236328
2022-02-02,30.5,31.07999992370605,29.81999969482422,31.0,626100,0,0,0.02074412720966201,6.352458867421867,27.619333203633627,32.08365771458681,23.155008692680443,28.744999885559082,28.7549991607666,25.81500005722046,28.079999923706055,27.270000457763672
2022-02-03,30.350000381469727,31.56999969482422,30.229999542236328,30.43000030517578,478500,0,0,-0.0183870869298135,6.235655654008517,27.82899990081787,32.21059089809207,23.44740890354367,28.989999771118164,28.7549991607666,25.81500005722046,28.079999923706055,
2022-02-04,30.729999542236328,31.049999237060547,29.84000015258789,30.799999237060547,449200,0,0,0.01215901834288946,6.311475105485549,28.02933317820231,32.3864778347558,23.67218852164882,28.989999771118164,28.8799991607666,25.802499771118164,28.079999923706055,
2022-02-07,30.950000762939453,31.520000457763672,30.549999237060547,30.780000686645508,451100,0,0,-0.000649303600987583,6.307377041972014,28.227999877929687,32.5251774914879,23.93082226437147,28.989999771118164,28.8799991607666,25.72749948501587,28.079999923706055,
2022-02-08,31.040000915527344,31.350000381469727,30.739999771118164,31.0,447400,0,0,0.007147475907950396,6.352458867421869,28.41499989827474,32.69024468166586,24.13975511488362,28.989999771118164,28.979999542236328,25.714999675750732,28.079999923706055,
2022-02-09,31.049999237060547,31.049999237060547,30.200000762939453,30.31999969482422,344000,0,0,-0.021935493715347754,6.213114545858532,28.590666580200196,32.73021240297822,24.451120757422174,28.989999771118164,29.174999237060547,25.78499984741211,28.079999923706055,
2022-02-10,30.100000381469727,30.420000076293945,29.059999465942383,29.459999084472656,623700,0,0,-0.02836413651080505,6.036884916722532,28.72233320871989,32.711049709013764,24.733616708426013,29.53499984741211,29.32499885559082,25.94000005722046,28.079999923706055,
2022-02-11,29.399999618530277,29.440000534057617,28.32999992370605,28.57999992370605,421000,0,0,-0.029870983982155708,5.856557224072996,28.831666564941408,32.614986840452424,25.04834628943039,29.949999809265137,29.389999389648438,25.91249990463257,28.079999923706055,
2022-02-14,28.959999084472656,29.56999969482422,28.51000022888184,29.15999984741211,368500,0,0,0.020293909211139383,5.9754096646681765,28.959999910990398,32.51238552630375,25.407614295677043,29.949999809265137,29.549999237060547,26.0625,28.079999923706055,
2022-02-15,29.600000381469727,30.770000457763672,29.51000022888184,30.34000015258789,272000,0,0,0.040466402995557704,6.2172130002221895,29.11533323923747,32.48440962217973,25.7462568562952,29.949999809265137,29.549999237060547,26.18499994277954,28.079999923706055,
2022-02-16,29.920000076293945,30.3799991607666,29.61000061035156,30.049999237060547,209700,0,0,-0.009558368954148078,6.15778658449954,29.251333236694336,32.426607107401054,26.076059365987618,29.925000190734863,29.549999237060547,26.15999984741211,28.079999923706055,
2022-02-17,29.61000061035156,29.739999771118164,28.57999992370605,28.670000076293945,243400,0,0,-0.04592343413655242,5.874999877859329,29.33999989827474,32.29027748936024,26.389722307189235,29.925000190734863,29.549999237060547,25.824999809265137,28.079999923706055,
2022-02-18,28.59000015258789,29.8799991607666,28.5,29.299999237060547,431300,0,0,0.021974159717129682,6.004098063513528,29.412333234151205,32.24721681970762,26.577449648594797,29.84000015258789,29.549999237060547,26.88249969482422,28.079999923706055,
2022-02-22,29.200000762939453,29.82999992370605,28.65999984741211,29.190000534057617,334800,0,0,-0.0037542220432482676,5.981557346213661,29.475999895731608,32.20082814597644,26.751171645486778,29.6899995803833,29.549999237060547,27.88249969482422,28.079999923706055,
2022-02-23,29.649999618530277,30.1200008392334,28.56999969482422,28.68000030517578,246500,0,0,-0.01747174441764021,5.8770491050411575,29.53966655731201,32.09358894822176,26.985744166402267,29.550000190734863,29.549999237060547,28.209999084472656,28.079999923706055,
2022-02-24,27.38999938964844,28.36000061035156,25.13999938964844,28.290000915527344,264700,0,0,-0.013598304933701733,5.797131199200469,29.590999921162922,31.975955744687,27.206044097638845,27.954999923706055,28.625,28.534998893737793,28.079999923706055,
2022-02-25,28.63999938964844,29.530000686645508,28.63999938964844,29.350000381469727,206600,0,0,0.03746905025233094,6.014344199422666,29.58299992879232,31.96951490013038,27.196484957454256,27.954999923706055,28.354999542236328,28.5674991607666,28.079999923706055,
2022-02-28,28.709999084472656,29.36000061035156,28.6299991607666,29.299999237060547,355100,0,0,-0.0017036164824293376,6.004098063513527,29.527999877929688,31.861773192886066,27.19422656297331,27.954999923706055,28.354999542236328,28.657499313354492,28.079999923706055,
2022-03-01,28.950000762939453,29.34000015258789,26.82999992370605,27.520000457763672,685700,0,0,-0.06075081316198183,5.6393442238508,29.374666595458983,31.610108136365533,27.139225054552433,27.75999927520752,28.354999542236328,28.657499313354492,27.979999542236328,
2022-03-02,27.88999938964844,29.790000915527344,27.86000061035156,29.520000457763672,358000,0,0,0.07267441739579539,6.0491802798135,29.320666631062824,31.45972769749582,27.18160556462983,27.630000114440918,28.354999542236328,28.66749906539917,27.774999618530273,
2022-03-03,29.59000015258789,29.59000015258789,28.31999969482422,28.530000686645508,207400,0,0,-0.03353657709235558,5.846311479013978,29.27166665395101,31.413563063316044,27.129770244585973,27.630000114440918,28.354999542236328,28.91749906539917,27.744998931884766,
2022-03-04,27.82999992370605,27.82999992370605,26.239999771118164,26.71999931335449,270700,0,0,-0.06344203749487654,5.475409566955646,29.185333315531413,31.513510999959365,26.85715563110346,27.630000114440918,28.354999542236328,28.972498893737793,27.744998931884766,
2022-03-07,26.5,26.88999938964844,24.26000022888184,24.350000381469727,584500,0,0,-0.08869756709537979,4.9897540595159136,29.043666648864747,31.940639460921755,26.14669383680774,27.190000534057617,27.914999961853027,28.869999408721924,27.744998931884766,
2022-03-08,24.959999084472656,26.34000015258789,24.1200008392334,24.82999992370605,535500,0,0,0.019712506559203202,5.088114619142932,28.896333312988283,32.16015485370207,25.6325117722745,26.95500087738037,27.84500026702881,28.934999465942383,27.744998931884766,
2022-03-09,25.8799991607666,26.420000076293945,25.670000076293945,26.18000030517578,425100,0,0,0.054369729585896476,5.364754035087779,28.83033332824707,32.227510787954124,25.433155868540023,26.95500087738037,27.84500026702881,28.982499599456787,27.744998931884766,
2022-03-10,25.84000015258789,27.38999938964844,25.68000030517578,27.229999542236328,376200,0,0,0.0401069222620658,5.579917808128148,28.802333323160806,32.23750141408193,25.367165232239678,26.95500087738037,27.84500026702881,28.66249942779541,27.744998931884766,
2022-03-11,27.700000762939453,28.399999618530277,27.160999298095703,27.270000457763672,323720,0,0,0.0014690016966507624,5.58811471685546,28.81966667175293,32.21852823927371,25.42080510423215,26.95500087738037,27.84500026702881,28.749999523162842,27.744998931884766,
